1.000000  33.00   39.00
1.000000  33.00   40.00
1.000000  34.00   40.00
1.000000  34.00   41.00
1.000000  34.00   42.00
1.000000  34.00   43.00
1.000000  34.00   44.00
1.000000  35.00   41.00
1.000000  35.00   42.00
1.000000  35.00   43.00
1.000000  35.00   44.00
1.000000  35.00   45.00
1.000000  35.00   46.00
1.000000  35.00   47.00
1.000000  36.00   42.00
1.000000  36.00   43.00
1.000000  36.00   44.00
1.000000  36.00   45.00
1.000000  36.00   46.00
1.000000  36.00   47.00
1.000000  36.00   48.00
1.000000  36.00   49.00
1.000000  36.00   50.00
1.000000  37.00   42.00
1.000000  37.00   43.00
1.000000  37.00   44.00
1.000000  37.00   45.00
1.000000  37.00   46.00
1.000000  37.00   47.00
1.000000  37.00   48.00
1.000000  37.00   49.00
1.000000  37.00   50.00
1.000000  37.00   51.00
1.000000  37.00   52.00
1.000000  37.00   53.00
1.000000  38.00   43.00
1.000000  38.00   44.00
1.000000  38.00   45.00
1.000000  38.00   46.00
1.000000  38.00   47.00
1.000000  38.00   48.00
1.000000  38.00   49.00
1.000000  38.00   50.00
1.000000  38.00   51.00
1.000000  38.00   52.00
1.000000  38.00   53.00
1.000000  38.00   54.00
1.000000  38.00   55.00
1.000000  38.00   56.00
1.000000  39.00   44.00
1.000000  39.00   45.00
1.000000  39.00   46.00
1.000000  39.00   47.00
1.000000  39.00   48.00
1.000000  39.00   49.00
1.000000  39.00   50.00
1.000000  39.00   51.00
1.000000  39.00   52.00
1.000000  39.00   53.00
1.000000  39.00   54.00
1.000000  39.00   55.00
1.000000  39.00   56.00
1.000000  39.00   57.00
1.000000  39.00   58.00
1.000000  39.00   59.00
1.000000  40.00   45.00
1.000000  40.00   46.00
1.000000  40.00   47.00
1.000000  40.00   48.00
1.000000  40.00   49.00
1.000000  40.00   50.00
1.000000  40.00   51.00
1.000000  40.00   52.00
1.000000  40.00   53.00
1.000000  40.00   54.00
1.000000  40.00   55.00
1.000000  40.00   56.00
1.000000  40.00   57.00
1.000000  40.00   58.00
1.000000  40.00   59.00
1.000000  40.00   60.00
1.000000  40.00   61.00
1.000000  40.00   62.00
1.000000  41.00   45.00
1.000000  41.00   46.00
1.000000  41.00   47.00
1.000000  41.00   48.00
1.000000  41.00   49.00
1.000000  41.00   50.00
1.000000  41.00   51.00
1.000000  41.00   52.00
1.000000  41.00   53.00
1.000000  41.00   54.00
1.000000  41.00   55.00
1.000000  41.00   56.00
1.000000  41.00   57.00
1.000000  41.00   58.00
1.000000  41.00   59.00
1.000000  41.00   60.00
1.000000  41.00   61.00
1.000000  41.00   62.00
1.000000  41.00   63.00
1.000000  41.00   64.00
1.000000  41.00   65.00
1.000000  41.00   66.00
1.000000  42.00   46.00
1.000000  42.00   47.00
1.000000  42.00   48.00
1.000000  42.00   49.00
1.000000  42.00   50.00
1.000000  42.00   51.00
1.000000  42.00   52.00
1.000000  42.00   53.00
1.000000  42.00   54.00
1.000000  42.00   55.00
1.000000  42.00   56.00
1.000000  42.00   57.00
1.000000  42.00   58.00
1.000000  42.00   59.00
1.000000  42.00   60.00
1.000000  42.00   61.00
1.000000  42.00   62.00
1.000000  42.00   63.00
1.000000  42.00   64.00
1.000000  42.00   65.00
1.000000  42.00   66.00
1.000000  42.00   67.00
1.000000  42.00   68.00
1.000000  42.00   69.00
1.000000  43.00   47.00
1.000000  43.00   48.00
1.000000  43.00   49.00
1.000000  43.00   50.00
1.000000  43.00   51.00
1.000000  43.00   52.00
1.000000  43.00   53.00
1.000000  43.00   54.00
1.000000  43.00   55.00
1.000000  43.00   56.00
1.000000  43.00   57.00
1.000000  43.00   58.00
1.000000  43.00   59.00
1.000000  43.00   60.00
1.000000  43.00   61.00
1.000000  43.00   62.00
1.000000  43.00   63.00
1.000000  43.00   64.00
1.000000  43.00   65.00
1.000000  43.00   66.00
1.000000  43.00   67.00
1.000000  43.00   68.00
1.000000  44.00   48.00
1.000000  44.00   49.00
1.000000  44.00   50.00
1.000000  44.00   51.00
1.000000  44.00   52.00
1.000000  44.00   53.00
1.000000  44.00   54.00
1.000000  44.00   55.00
1.000000  44.00   56.00
1.000000  44.00   57.00
1.000000  44.00   58.00
1.000000  44.00   59.00
1.000000  44.00   60.00
1.000000  44.00   61.00
1.000000  44.00   62.00
1.000000  44.00   63.00
1.000000  44.00   64.00
1.000000  44.00   65.00
1.000000  44.00   66.00
1.000000  44.00   67.00
1.000000  44.00   68.00
1.000000  45.00   49.00
1.000000  45.00   50.00
1.000000  45.00   51.00
1.000000  45.00   52.00
1.000000  45.00   53.00
1.000000  45.00   54.00
1.000000  45.00   55.00
1.000000  45.00   56.00
1.000000  45.00   57.00
1.000000  45.00   58.00
1.000000  45.00   59.00
1.000000  45.00   60.00
1.000000  45.00   61.00
1.000000  45.00   62.00
1.000000  45.00   63.00
1.000000  45.00   64.00
1.000000  45.00   65.00
1.000000  45.00   66.00
1.000000  45.00   67.00
1.000000  45.00   68.00
1.000000  46.00   49.00
1.000000  46.00   50.00
1.000000  46.00   51.00
1.000000  46.00   52.00
1.000000  46.00   53.00
1.000000  46.00   54.00
1.000000  46.00   55.00
1.000000  46.00   56.00
1.000000  46.00   57.00
1.000000  46.00   58.00
1.000000  46.00   59.00
1.000000  46.00   60.00
1.000000  46.00   61.00
1.000000  46.00   62.00
1.000000  46.00   63.00
1.000000  46.00   64.00
1.000000  46.00   65.00
1.000000  46.00   66.00
1.000000  46.00   67.00
1.000000  47.00   50.00
1.000000  47.00   51.00
1.000000  47.00   52.00
1.000000  47.00   53.00
1.000000  47.00   54.00
1.000000  47.00   55.00
1.000000  47.00   56.00
1.000000  47.00   57.00
1.000000  47.00   58.00
1.000000  47.00   59.00
1.000000  47.00   60.00
1.000000  47.00   61.00
1.000000  47.00   62.00
1.000000  47.00   63.00
1.000000  47.00   64.00
1.000000  47.00   65.00
1.000000  47.00   66.00
1.000000  47.00   67.00
1.000000  48.00   51.00
1.000000  48.00   52.00
1.000000  48.00   53.00
1.000000  48.00   54.00
1.000000  48.00   55.00
1.000000  48.00   56.00
1.000000  48.00   57.00
1.000000  48.00   58.00
1.000000  48.00   59.00
1.000000  48.00   60.00
1.000000  48.00   61.00
1.000000  48.00   62.00
1.000000  48.00   63.00
1.000000  48.00   64.00
1.000000  48.00   65.00
1.000000  48.00   66.00
1.000000  48.00   67.00
1.000000  49.00   52.00
1.000000  49.00   53.00
1.000000  49.00   54.00
1.000000  49.00   55.00
1.000000  49.00   56.00
1.000000  49.00   57.00
1.000000  49.00   58.00
1.000000  49.00   59.00
1.000000  49.00   60.00
1.000000  49.00   61.00
1.000000  49.00   62.00
1.000000  49.00   63.00
1.000000  49.00   64.00
1.000000  49.00   65.00
1.000000  49.00   66.00
1.000000  50.00   52.00
1.000000  50.00   53.00
1.000000  50.00   54.00
1.000000  50.00   55.00
1.000000  50.00   56.00
1.000000  50.00   57.00
1.000000  50.00   58.00
1.000000  50.00   59.00
1.000000  50.00   60.00
1.000000  50.00   61.00
1.000000  50.00   62.00
1.000000  50.00   63.00
1.000000  50.00   64.00
1.000000  50.00   65.00
1.000000  50.00   66.00
1.000000  51.00   53.00
1.000000  51.00   54.00
1.000000  51.00   55.00
1.000000  51.00   56.00
1.000000  51.00   57.00
1.000000  51.00   58.00
1.000000  51.00   59.00
1.000000  51.00   60.00
1.000000  51.00   61.00
1.000000  51.00   62.00
1.000000  51.00   63.00
1.000000  51.00   64.00
1.000000  51.00   65.00
1.000000  51.00   66.00
1.000000  52.00   54.00
1.000000  52.00   55.00
1.000000  52.00   56.00
1.000000  52.00   57.00
1.000000  52.00   58.00
1.000000  52.00   59.00
1.000000  52.00   60.00
1.000000  52.00   61.00
1.000000  52.00   62.00
1.000000  52.00   63.00
1.000000  52.00   64.00
1.000000  52.00   65.00
1.000000  53.00   55.00
1.000000  53.00   56.00
1.000000  53.00   57.00
1.000000  53.00   58.00
1.000000  53.00   59.00
1.000000  53.00   60.00
1.000000  53.00   61.00
1.000000  53.00   62.00
1.000000  53.00   63.00
1.000000  53.00   64.00
1.000000  53.00   65.00
1.000000  54.00   55.00
1.000000  54.00   56.00
1.000000  54.00   57.00
1.000000  54.00   58.00
1.000000  54.00   59.00
1.000000  54.00   60.00
1.000000  54.00   61.00
1.000000  54.00   62.00
1.000000  54.00   63.00
1.000000  54.00   64.00
1.000000  54.00   65.00
1.000000  55.00   56.00
1.000000  55.00   57.00
1.000000  55.00   58.00
1.000000  55.00   59.00
1.000000  55.00   60.00
1.000000  55.00   61.00
1.000000  55.00   62.00
1.000000  55.00   63.00
1.000000  55.00   64.00
1.000000  56.00   57.00
1.000000  56.00   58.00
1.000000  56.00   59.00
1.000000  56.00   60.00
1.000000  56.00   61.00
1.000000  56.00   62.00
1.000000  56.00   63.00
1.000000  56.00   64.00
1.000000  57.00   58.00
1.000000  57.00   59.00
1.000000  57.00   60.00
1.000000  57.00   61.00
1.000000  57.00   62.00
1.000000  57.00   63.00
1.000000  57.00   64.00
1.000000  58.00   59.00
1.000000  58.00   60.00
1.000000  58.00   61.00
1.000000  58.00   62.00
1.000000  58.00   63.00
1.000000  59.00   59.00
1.000000  59.00   60.00
1.000000  59.00   61.00
1.000000  59.00   62.00
1.000000  59.00   63.00
1.000000  60.00   60.00
1.000000  60.00   61.00
1.000000  60.00   62.00
1.000000  60.00   63.00
1.000000  61.00   61.00
1.000000  61.00   62.00
1.000000  62.00   62.00
1.000000  63.00   62.00
2.000000  98.00  109.00
2.000000  98.00  110.00
2.000000  98.00  111.00
2.000000  98.00  112.00
2.000000  98.00  113.00
2.000000  98.00  114.00
2.000000  98.00  115.00
2.000000  98.00  116.00
2.000000  98.00  117.00
2.000000  98.00  118.00
2.000000  98.00  119.00
2.000000  98.00  120.00
2.000000  98.00  121.00
2.000000  98.00  122.00
2.000000  98.00  123.00
2.000000  98.00  124.00
2.000000  98.00  125.00
2.000000  98.00  126.00
2.000000  99.00  110.00
2.000000  99.00  111.00
2.000000  99.00  112.00
2.000000  99.00  113.00
2.000000  99.00  114.00
2.000000  99.00  115.00
2.000000  99.00  116.00
2.000000  99.00  117.00
2.000000  99.00  118.00
2.000000  99.00  119.00
2.000000  99.00  120.00
2.000000  99.00  121.00
2.000000  99.00  122.00
2.000000  99.00  123.00
2.000000  99.00  124.00
2.000000  99.00  125.00
2.000000 100.00  110.00
2.000000 100.00  111.00
2.000000 100.00  112.00
2.000000 100.00  113.00
2.000000 100.00  114.00
2.000000 100.00  115.00
2.000000 100.00  116.00
2.000000 100.00  117.00
2.000000 100.00  118.00
2.000000 100.00  119.00
2.000000 100.00  120.00
2.000000 100.00  121.00
2.000000 100.00  122.00
2.000000 100.00  123.00
2.000000 100.00  124.00
2.000000 101.00  111.00
2.000000 101.00  112.00
2.000000 101.00  113.00
2.000000 101.00  114.00
2.000000 101.00  115.00
2.000000 101.00  116.00
2.000000 101.00  117.00
2.000000 101.00  118.00
2.000000 101.00  119.00
2.000000 101.00  120.00
2.000000 101.00  121.00
2.000000 101.00  122.00
2.000000 101.00  123.00
2.000000 102.00  111.00
2.000000 102.00  112.00
2.000000 102.00  113.00
2.000000 102.00  114.00
2.000000 102.00  115.00
2.000000 102.00  116.00
2.000000 102.00  117.00
2.000000 102.00  118.00
2.000000 102.00  119.00
2.000000 102.00  120.00
2.000000 102.00  121.00
2.000000 102.00  122.00
2.000000 103.00  112.00
2.000000 103.00  113.00
2.000000 103.00  114.00
2.000000 103.00  115.00
2.000000 103.00  116.00
2.000000 103.00  117.00
2.000000 103.00  118.00
2.000000 103.00  119.00
2.000000 103.00  120.00
2.000000 103.00  121.00
2.000000 104.00  112.00
2.000000 104.00  113.00
2.000000 104.00  114.00
2.000000 104.00  115.00
2.000000 104.00  116.00
2.000000 104.00  117.00
2.000000 104.00  118.00
2.000000 104.00  119.00
2.000000 104.00  120.00
2.000000 104.00  121.00
2.000000 105.00  113.00
2.000000 105.00  114.00
2.000000 105.00  115.00
2.000000 105.00  116.00
2.000000 105.00  117.00
2.000000 105.00  118.00
2.000000 105.00  119.00
2.000000 105.00  120.00
2.000000 106.00  113.00
2.000000 106.00  114.00
2.000000 106.00  115.00
2.000000 106.00  116.00
2.000000 106.00  117.00
2.000000 106.00  118.00
2.000000 106.00  119.00
2.000000 107.00  114.00
2.000000 107.00  115.00
2.000000 107.00  116.00
2.000000 107.00  117.00
2.000000 107.00  118.00
2.000000 108.00  114.00
2.000000 108.00  115.00
2.000000 108.00  116.00
2.000000 108.00  117.00
2.000000 109.00  115.00
2.000000 109.00  116.00
2.000000 110.00  115.00
3.000000 191.00   30.00
3.000000 191.00   31.00
3.000000 191.00   32.00
3.000000 191.00   33.00
3.000000 191.00   34.00
3.000000 191.00   35.00
3.000000 191.00   36.00
3.000000 191.00   37.00
3.000000 191.00   38.00
3.000000 191.00   39.00
3.000000 191.00   40.00
3.000000 191.00   41.00
3.000000 192.00   30.00
3.000000 192.00   31.00
3.000000 192.00   32.00
3.000000 192.00   33.00
3.000000 192.00   34.00
3.000000 192.00   35.00
3.000000 192.00   36.00
3.000000 192.00   37.00
3.000000 192.00   38.00
3.000000 192.00   39.00
3.000000 192.00   40.00
3.000000 192.00   41.00
3.000000 192.00   42.00
3.000000 192.00   43.00
3.000000 192.00   44.00
3.000000 192.00   45.00
3.000000 192.00   46.00
3.000000 192.00   47.00
3.000000 192.00   48.00
3.000000 192.00   49.00
3.000000 192.00   50.00
3.000000 192.00   51.00
3.000000 192.00   52.00
3.000000 192.00   53.00
3.000000 192.00   54.00
3.000000 192.00   55.00
3.000000 193.00   31.00
3.000000 193.00   32.00
3.000000 193.00   33.00
3.000000 193.00   34.00
3.000000 193.00   35.00
3.000000 193.00   36.00
3.000000 193.00   37.00
3.000000 193.00   38.00
3.000000 193.00   39.00
3.000000 193.00   40.00
3.000000 193.00   41.00
3.000000 193.00   42.00
3.000000 193.00   43.00
3.000000 193.00   44.00
3.000000 193.00   45.00
3.000000 193.00   46.00
3.000000 193.00   47.00
3.000000 193.00   48.00
3.000000 193.00   49.00
3.000000 193.00   50.00
3.000000 193.00   51.00
3.000000 193.00   52.00
3.000000 193.00   53.00
3.000000 193.00   54.00
3.000000 193.00   55.00
3.000000 193.00   56.00
3.000000 194.00   31.00
3.000000 194.00   32.00
3.000000 194.00   33.00
3.000000 194.00   34.00
3.000000 194.00   35.00
3.000000 194.00   36.00
3.000000 194.00   37.00
3.000000 194.00   38.00
3.000000 194.00   39.00
3.000000 194.00   40.00
3.000000 194.00   41.00
3.000000 194.00   42.00
3.000000 194.00   43.00
3.000000 194.00   44.00
3.000000 194.00   45.00
3.000000 194.00   46.00
3.000000 194.00   47.00
3.000000 194.00   48.00
3.000000 194.00   49.00
3.000000 194.00   50.00
3.000000 194.00   51.00
3.000000 194.00   52.00
3.000000 194.00   53.00
3.000000 194.00   54.00
3.000000 194.00   55.00
3.000000 195.00   31.00
3.000000 195.00   32.00
3.000000 195.00   33.00
3.000000 195.00   34.00
3.000000 195.00   35.00
3.000000 195.00   36.00
3.000000 195.00   37.00
3.000000 195.00   38.00
3.000000 195.00   39.00
3.000000 195.00   40.00
3.000000 195.00   41.00
3.000000 195.00   42.00
3.000000 195.00   43.00
3.000000 195.00   44.00
3.000000 195.00   45.00
3.000000 195.00   46.00
3.000000 195.00   47.00
3.000000 195.00   48.00
3.000000 195.00   49.00
3.000000 195.00   50.00
3.000000 195.00   51.00
3.000000 195.00   52.00
3.000000 195.00   53.00
3.000000 195.00   54.00
3.000000 196.00   32.00
3.000000 196.00   33.00
3.000000 196.00   34.00
3.000000 196.00   35.00
3.000000 196.00   36.00
3.000000 196.00   37.00
3.000000 196.00   38.00
3.000000 196.00   39.00
3.000000 196.00   40.00
3.000000 196.00   41.00
3.000000 196.00   42.00
3.000000 196.00   43.00
3.000000 196.00   44.00
3.000000 196.00   45.00
3.000000 196.00   46.00
3.000000 196.00   47.00
3.000000 196.00   48.00
3.000000 196.00   49.00
3.000000 196.00   50.00
3.000000 196.00   51.00
3.000000 196.00   52.00
3.000000 196.00   53.00
3.000000 197.00   32.00
3.000000 197.00   33.00
3.000000 197.00   34.00
3.000000 197.00   35.00
3.000000 197.00   36.00
3.000000 197.00   37.00
3.000000 197.00   38.00
3.000000 197.00   39.00
3.000000 197.00   40.00
3.000000 197.00   41.00
3.000000 197.00   42.00
3.000000 197.00   43.00
3.000000 197.00   44.00
3.000000 197.00   45.00
3.000000 197.00   46.00
3.000000 197.00   47.00
3.000000 197.00   48.00
3.000000 197.00   49.00
3.000000 197.00   50.00
3.000000 197.00   51.00
3.000000 197.00   52.00
3.000000 198.00   33.00
3.000000 198.00   34.00
3.000000 198.00   35.00
3.000000 198.00   36.00
3.000000 198.00   37.00
3.000000 198.00   38.00
3.000000 198.00   39.00
3.000000 198.00   40.00
3.000000 198.00   41.00
3.000000 198.00   42.00
3.000000 198.00   43.00
3.000000 198.00   44.00
3.000000 198.00   45.00
3.000000 198.00   46.00
3.000000 198.00   47.00
3.000000 198.00   48.00
3.000000 198.00   49.00
3.000000 198.00   50.00
3.000000 198.00   51.00
3.000000 199.00   33.00
3.000000 199.00   34.00
3.000000 199.00   35.00
3.000000 199.00   36.00
3.000000 199.00   37.00
3.000000 199.00   38.00
3.000000 199.00   39.00
3.000000 199.00   40.00
3.000000 199.00   41.00
3.000000 199.00   42.00
3.000000 199.00   43.00
3.000000 199.00   44.00
3.000000 199.00   45.00
3.000000 199.00   46.00
3.000000 199.00   47.00
3.000000 199.00   48.00
3.000000 199.00   49.00
3.000000 199.00   50.00
3.000000 199.00   51.00
3.000000 200.00   33.00
3.000000 200.00   34.00
3.000000 200.00   35.00
3.000000 200.00   36.00
3.000000 200.00   37.00
3.000000 200.00   38.00
3.000000 200.00   39.00
3.000000 200.00   40.00
3.000000 200.00   41.00
3.000000 200.00   42.00
3.000000 200.00   43.00
3.000000 200.00   44.00
3.000000 200.00   45.00
3.000000 200.00   46.00
3.000000 200.00   47.00
3.000000 200.00   48.00
3.000000 200.00   49.00
3.000000 200.00   50.00
3.000000 201.00   34.00
3.000000 201.00   35.00
3.000000 201.00   36.00
3.000000 201.00   37.00
3.000000 201.00   38.00
3.000000 201.00   39.00
3.000000 201.00   40.00
3.000000 201.00   41.00
3.000000 201.00   42.00
3.000000 201.00   43.00
3.000000 201.00   44.00
3.000000 201.00   45.00
3.000000 201.00   46.00
3.000000 201.00   47.00
3.000000 201.00   48.00
3.000000 201.00   49.00
3.000000 202.00   34.00
3.000000 202.00   35.00
3.000000 202.00   36.00
3.000000 202.00   37.00
3.000000 202.00   38.00
3.000000 202.00   39.00
3.000000 202.00   40.00
3.000000 202.00   41.00
3.000000 202.00   42.00
3.000000 202.00   43.00
3.000000 202.00   44.00
3.000000 202.00   45.00
3.000000 202.00   46.00
3.000000 202.00   47.00
3.000000 202.00   48.00
3.000000 203.00   34.00
3.000000 203.00   35.00
3.000000 203.00   36.00
3.000000 203.00   37.00
3.000000 203.00   38.00
3.000000 203.00   39.00
3.000000 203.00   40.00
3.000000 203.00   41.00
3.000000 203.00   42.00
3.000000 203.00   43.00
3.000000 203.00   44.00
3.000000 203.00   45.00
3.000000 203.00   46.00
3.000000 203.00   47.00
3.000000 204.00   35.00
3.000000 204.00   36.00
3.000000 204.00   37.00
3.000000 204.00   38.00
3.000000 204.00   39.00
3.000000 204.00   40.00
3.000000 204.00   41.00
3.000000 204.00   42.00
3.000000 204.00   43.00
3.000000 204.00   44.00
3.000000 204.00   45.00
3.000000 204.00   46.00
3.000000 205.00   35.00
3.000000 205.00   36.00
3.000000 205.00   37.00
3.000000 205.00   38.00
3.000000 205.00   39.00
3.000000 205.00   40.00
3.000000 205.00   41.00
3.000000 205.00   42.00
3.000000 205.00   43.00
3.000000 205.00   44.00
3.000000 205.00   45.00
3.000000 206.00   36.00
3.000000 206.00   37.00
3.000000 206.00   38.00
3.000000 206.00   39.00
3.000000 206.00   40.00
3.000000 206.00   41.00
3.000000 206.00   42.00
3.000000 206.00   43.00
3.000000 206.00   44.00
3.000000 206.00   45.00
3.000000 207.00   36.00
3.000000 207.00   37.00
3.000000 207.00   38.00
3.000000 207.00   39.00
3.000000 207.00   40.00
3.000000 207.00   41.00
3.000000 207.00   42.00
3.000000 207.00   43.00
3.000000 207.00   44.00
3.000000 208.00   36.00
3.000000 208.00   37.00
3.000000 208.00   38.00
3.000000 208.00   39.00
3.000000 208.00   40.00
3.000000 208.00   41.00
3.000000 208.00   42.00
3.000000 208.00   43.00
3.000000 209.00   37.00
3.000000 209.00   38.00
3.000000 209.00   39.00
3.000000 209.00   40.00
3.000000 209.00   41.00
3.000000 209.00   42.00
3.000000 210.00   37.00
3.000000 210.00   38.00
3.000000 210.00   39.00
3.000000 210.00   40.00
3.000000 210.00   41.00
3.000000 211.00   37.00
3.000000 211.00   38.00
3.000000 211.00   39.00
3.000000 211.00   40.00
3.000000 212.00   38.00
3.000000 212.00   39.00
3.000000 213.00   38.00
4.000000 164.00  130.00
4.000000 164.00  131.00
4.000000 164.00  132.00
4.000000 164.00  133.00
4.000000 164.00  134.00
4.000000 164.00  135.00
4.000000 164.00  136.00
4.000000 164.00  137.00
4.000000 164.00  138.00
4.000000 164.00  139.00
4.000000 164.00  140.00
4.000000 164.00  141.00
4.000000 164.00  142.00
4.000000 164.00  143.00
4.000000 164.00  144.00
4.000000 164.00  145.00
4.000000 164.00  146.00
4.000000 164.00  147.00
4.000000 164.00  148.00
4.000000 164.00  149.00
4.000000 165.00  128.00
4.000000 165.00  129.00
4.000000 165.00  130.00
4.000000 165.00  131.00
4.000000 165.00  132.00
4.000000 165.00  133.00
4.000000 165.00  134.00
4.000000 165.00  135.00
4.000000 165.00  136.00
4.000000 165.00  137.00
4.000000 165.00  138.00
4.000000 165.00  139.00
4.000000 165.00  140.00
4.000000 165.00  141.00
4.000000 165.00  142.00
4.000000 165.00  143.00
4.000000 165.00  144.00
4.000000 165.00  145.00
4.000000 165.00  146.00
4.000000 165.00  147.00
4.000000 165.00  148.00
4.000000 166.00  129.00
4.000000 166.00  130.00
4.000000 166.00  131.00
4.000000 166.00  132.00
4.000000 166.00  133.00
4.000000 166.00  134.00
4.000000 166.00  135.00
4.000000 166.00  136.00
4.000000 166.00  137.00
4.000000 166.00  138.00
4.000000 166.00  139.00
4.000000 166.00  140.00
4.000000 166.00  141.00
4.000000 166.00  142.00
4.000000 166.00  143.00
4.000000 166.00  144.00
4.000000 166.00  145.00
4.000000 166.00  146.00
4.000000 166.00  147.00
4.000000 166.00  148.00
4.000000 167.00  130.00
4.000000 167.00  131.00
4.000000 167.00  132.00
4.000000 167.00  133.00
4.000000 167.00  134.00
4.000000 167.00  135.00
4.000000 167.00  136.00
4.000000 167.00  137.00
4.000000 167.00  138.00
4.000000 167.00  139.00
4.000000 167.00  140.00
4.000000 167.00  141.00
4.000000 167.00  142.00
4.000000 167.00  143.00
4.000000 167.00  144.00
4.000000 167.00  145.00
4.000000 167.00  146.00
4.000000 167.00  147.00
4.000000 168.00  130.00
4.000000 168.00  131.00
4.000000 168.00  132.00
4.000000 168.00  133.00
4.000000 168.00  134.00
4.000000 168.00  135.00
4.000000 168.00  136.00
4.000000 168.00  137.00
4.000000 168.00  138.00
4.000000 168.00  139.00
4.000000 168.00  140.00
4.000000 168.00  141.00
4.000000 168.00  142.00
4.000000 168.00  143.00
4.000000 168.00  144.00
4.000000 168.00  145.00
4.000000 168.00  146.00
4.000000 169.00  131.00
4.000000 169.00  132.00
4.000000 169.00  133.00
4.000000 169.00  134.00
4.000000 169.00  135.00
4.000000 169.00  136.00
4.000000 169.00  137.00
4.000000 169.00  138.00
4.000000 169.00  139.00
4.000000 169.00  140.00
4.000000 169.00  141.00
4.000000 169.00  142.00
4.000000 169.00  143.00
4.000000 169.00  144.00
4.000000 169.00  145.00
4.000000 169.00  146.00
4.000000 170.00  132.00
4.000000 170.00  133.00
4.000000 170.00  134.00
4.000000 170.00  135.00
4.000000 170.00  136.00
4.000000 170.00  137.00
4.000000 170.00  138.00
4.000000 170.00  139.00
4.000000 170.00  140.00
4.000000 170.00  141.00
4.000000 170.00  142.00
4.000000 170.00  143.00
4.000000 170.00  144.00
4.000000 170.00  145.00
4.000000 171.00  133.00
4.000000 171.00  134.00
4.000000 171.00  135.00
4.000000 171.00  136.00
4.000000 171.00  137.00
4.000000 171.00  138.00
4.000000 171.00  139.00
4.000000 171.00  140.00
4.000000 171.00  141.00
4.000000 171.00  142.00
4.000000 171.00  143.00
4.000000 171.00  144.00
4.000000 172.00  133.00
4.000000 172.00  134.00
4.000000 172.00  135.00
4.000000 172.00  136.00
4.000000 172.00  137.00
4.000000 172.00  138.00
4.000000 172.00  139.00
4.000000 172.00  140.00
4.000000 172.00  141.00
4.000000 172.00  142.00
4.000000 172.00  143.00
4.000000 172.00  144.00
4.000000 173.00  134.00
4.000000 173.00  135.00
4.000000 173.00  136.00
4.000000 173.00  137.00
4.000000 173.00  138.00
4.000000 173.00  139.00
4.000000 173.00  140.00
4.000000 173.00  141.00
4.000000 173.00  142.00
4.000000 173.00  143.00
4.000000 174.00  135.00
4.000000 174.00  136.00
4.000000 174.00  137.00
4.000000 174.00  138.00
4.000000 174.00  139.00
4.000000 174.00  140.00
4.000000 174.00  141.00
4.000000 174.00  142.00
4.000000 175.00  136.00
4.000000 175.00  137.00
4.000000 175.00  138.00
4.000000 175.00  139.00
4.000000 175.00  140.00
4.000000 175.00  141.00
4.000000 175.00  142.00
4.000000 176.00  136.00
4.000000 176.00  137.00
4.000000 176.00  138.00
4.000000 176.00  139.00
4.000000 176.00  140.00
4.000000 176.00  141.00
4.000000 177.00  137.00
4.000000 177.00  138.00
4.000000 177.00  139.00
4.000000 177.00  140.00
4.000000 177.00  141.00
4.000000 178.00  138.00
4.000000 178.00  139.00
4.000000 178.00  140.00
4.000000 179.00  139.00
4.000000 180.00  139.00
5.000000 237.00  116.00
5.000000 237.00  117.00
5.000000 237.00  118.00
5.000000 237.00  119.00
5.000000 237.00  120.00
5.000000 237.00  121.00
5.000000 237.00  122.00
5.000000 237.00  123.00
5.000000 237.00  124.00
5.000000 237.00  125.00
5.000000 237.00  126.00
5.000000 237.00  127.00
5.000000 237.00  128.00
5.000000 238.00   99.00
5.000000 238.00  100.00
5.000000 238.00  101.00
5.000000 238.00  102.00
5.000000 238.00  103.00
5.000000 238.00  104.00
5.000000 238.00  105.00
5.000000 238.00  106.00
5.000000 238.00  107.00
5.000000 238.00  108.00
5.000000 238.00  109.00
5.000000 238.00  110.00
5.000000 238.00  111.00
5.000000 238.00  112.00
5.000000 238.00  113.00
5.000000 238.00  114.00
5.000000 238.00  115.00
5.000000 238.00  116.00
5.000000 238.00  117.00
5.000000 238.00  118.00
5.000000 238.00  119.00
5.000000 238.00  120.00
5.000000 238.00  121.00
5.000000 238.00  122.00
5.000000 238.00  123.00
5.000000 238.00  124.00
5.000000 238.00  125.00
5.000000 238.00  126.00
5.000000 238.00  127.00
5.000000 239.00   98.00
5.000000 239.00   99.00
5.000000 239.00  100.00
5.000000 239.00  101.00
5.000000 239.00  102.00
5.000000 239.00  103.00
5.000000 239.00  104.00
5.000000 239.00  105.00
5.000000 239.00  106.00
5.000000 239.00  107.00
5.000000 239.00  108.00
5.000000 239.00  109.00
5.000000 239.00  110.00
5.000000 239.00  111.00
5.000000 239.00  112.00
5.000000 239.00  113.00
5.000000 239.00  114.00
5.000000 239.00  115.00
5.000000 239.00  116.00
5.000000 239.00  117.00
5.000000 239.00  118.00
5.000000 239.00  119.00
5.000000 239.00  120.00
5.000000 239.00  121.00
5.000000 239.00  122.00
5.000000 239.00  123.00
5.000000 239.00  124.00
5.000000 239.00  125.00
5.000000 239.00  126.00
5.000000 240.00  100.00
5.000000 240.00  101.00
5.000000 240.00  102.00
5.000000 240.00  103.00
5.000000 240.00  104.00
5.000000 240.00  105.00
5.000000 240.00  106.00
5.000000 240.00  107.00
5.000000 240.00  108.00
5.000000 240.00  109.00
5.000000 240.00  110.00
5.000000 240.00  111.00
5.000000 240.00  112.00
5.000000 240.00  113.00
5.000000 240.00  114.00
5.000000 240.00  115.00
5.000000 240.00  116.00
5.000000 240.00  117.00
5.000000 240.00  118.00
5.000000 240.00  119.00
5.000000 240.00  120.00
5.000000 240.00  121.00
5.000000 240.00  122.00
5.000000 240.00  123.00
5.000000 240.00  124.00
5.000000 240.00  125.00
5.000000 241.00  101.00
5.000000 241.00  102.00
5.000000 241.00  103.00
5.000000 241.00  104.00
5.000000 241.00  105.00
5.000000 241.00  106.00
5.000000 241.00  107.00
5.000000 241.00  108.00
5.000000 241.00  109.00
5.000000 241.00  110.00
5.000000 241.00  111.00
5.000000 241.00  112.00
5.000000 241.00  113.00
5.000000 241.00  114.00
5.000000 241.00  115.00
5.000000 241.00  116.00
5.000000 241.00  117.00
5.000000 241.00  118.00
5.000000 241.00  119.00
5.000000 241.00  120.00
5.000000 241.00  121.00
5.000000 241.00  122.00
5.000000 241.00  123.00
5.000000 241.00  124.00
5.000000 242.00  102.00
5.000000 242.00  103.00
5.000000 242.00  104.00
5.000000 242.00  105.00
5.000000 242.00  106.00
5.000000 242.00  107.00
5.000000 242.00  108.00
5.000000 242.00  109.00
5.000000 242.00  110.00
5.000000 242.00  111.00
5.000000 242.00  112.00
5.000000 242.00  113.00
5.000000 242.00  114.00
5.000000 242.00  115.00
5.000000 242.00  116.00
5.000000 242.00  117.00
5.000000 242.00  118.00
5.000000 242.00  119.00
5.000000 242.00  120.00
5.000000 242.00  121.00
5.000000 242.00  122.00
5.000000 242.00  123.00
5.000000 243.00  103.00
5.000000 243.00  104.00
5.000000 243.00  105.00
5.000000 243.00  106.00
5.000000 243.00  107.00
5.000000 243.00  108.00
5.000000 243.00  109.00
5.000000 243.00  110.00
5.000000 243.00  111.00
5.000000 243.00  112.00
5.000000 243.00  113.00
5.000000 243.00  114.00
5.000000 243.00  115.00
5.000000 243.00  116.00
5.000000 243.00  117.00
5.000000 243.00  118.00
5.000000 243.00  119.00
5.000000 243.00  120.00
5.000000 243.00  121.00
5.000000 243.00  122.00
5.000000 244.00  104.00
5.000000 244.00  105.00
5.000000 244.00  106.00
5.000000 244.00  107.00
5.000000 244.00  108.00
5.000000 244.00  109.00
5.000000 244.00  110.00
5.000000 244.00  111.00
5.000000 244.00  112.00
5.000000 244.00  113.00
5.000000 244.00  114.00
5.000000 244.00  115.00
5.000000 244.00  116.00
5.000000 244.00  117.00
5.000000 244.00  118.00
5.000000 244.00  119.00
5.000000 244.00  120.00
5.000000 244.00  121.00
5.000000 245.00  105.00
5.000000 245.00  106.00
5.000000 245.00  107.00
5.000000 245.00  108.00
5.000000 245.00  109.00
5.000000 245.00  110.00
5.000000 245.00  111.00
5.000000 245.00  112.00
5.000000 245.00  113.00
5.000000 245.00  114.00
5.000000 245.00  115.00
5.000000 245.00  116.00
5.000000 245.00  117.00
5.000000 245.00  118.00
5.000000 245.00  119.00
5.000000 246.00  106.00
5.000000 246.00  107.00
5.000000 246.00  108.00
5.000000 246.00  109.00
5.000000 246.00  110.00
5.000000 246.00  111.00
5.000000 246.00  112.00
5.000000 246.00  113.00
5.000000 246.00  114.00
5.000000 246.00  115.00
5.000000 246.00  116.00
5.000000 246.00  117.00
5.000000 246.00  118.00
5.000000 247.00  107.00
5.000000 247.00  108.00
5.000000 247.00  109.00
5.000000 247.00  110.00
5.000000 247.00  111.00
5.000000 247.00  112.00
5.000000 247.00  113.00
5.000000 247.00  114.00
5.000000 247.00  115.00
5.000000 247.00  116.00
5.000000 247.00  117.00
5.000000 248.00  108.00
5.000000 248.00  109.00
5.000000 248.00  110.00
5.000000 248.00  111.00
5.000000 248.00  112.00
5.000000 248.00  113.00
5.000000 248.00  114.00
5.000000 248.00  115.00
5.000000 248.00  116.00
5.000000 249.00  109.00
5.000000 249.00  110.00
5.000000 249.00  111.00
5.000000 249.00  112.00
5.000000 249.00  113.00
5.000000 249.00  114.00
5.000000 249.00  115.00
5.000000 250.00  110.00
5.000000 250.00  111.00
5.000000 250.00  112.00
5.000000 250.00  113.00
5.000000 250.00  114.00
5.000000 251.00  111.00
5.000000 251.00  112.00
5.000000 251.00  113.00
5.000000 252.00  112.00
6.000000 213.00  198.00
6.000000 213.00  199.00
6.000000 213.00  200.00
6.000000 213.00  201.00
6.000000 213.00  202.00
6.000000 213.00  203.00
6.000000 214.00  192.00
6.000000 214.00  193.00
6.000000 214.00  194.00
6.000000 214.00  195.00
6.000000 214.00  196.00
6.000000 214.00  197.00
6.000000 214.00  198.00
6.000000 214.00  199.00
6.000000 214.00  200.00
6.000000 214.00  201.00
6.000000 214.00  202.00
6.000000 214.00  203.00
6.000000 215.00  185.00
6.000000 215.00  186.00
6.000000 215.00  187.00
6.000000 215.00  188.00
6.000000 215.00  189.00
6.000000 215.00  190.00
6.000000 215.00  191.00
6.000000 215.00  192.00
6.000000 215.00  193.00
6.000000 215.00  194.00
6.000000 215.00  195.00
6.000000 215.00  196.00
6.000000 215.00  197.00
6.000000 215.00  198.00
6.000000 215.00  199.00
6.000000 215.00  200.00
6.000000 215.00  201.00
6.000000 215.00  202.00
6.000000 216.00  178.00
6.000000 216.00  179.00
6.000000 216.00  180.00
6.000000 216.00  181.00
6.000000 216.00  182.00
6.000000 216.00  183.00
6.000000 216.00  184.00
6.000000 216.00  185.00
6.000000 216.00  186.00
6.000000 216.00  187.00
6.000000 216.00  188.00
6.000000 216.00  189.00
6.000000 216.00  190.00
6.000000 216.00  191.00
6.000000 216.00  192.00
6.000000 216.00  193.00
6.000000 216.00  194.00
6.000000 216.00  195.00
6.000000 216.00  196.00
6.000000 216.00  197.00
6.000000 216.00  198.00
6.000000 216.00  199.00
6.000000 216.00  200.00
6.000000 216.00  201.00
6.000000 217.00  179.00
6.000000 217.00  180.00
6.000000 217.00  181.00
6.000000 217.00  182.00
6.000000 217.00  183.00
6.000000 217.00  184.00
6.000000 217.00  185.00
6.000000 217.00  186.00
6.000000 217.00  187.00
6.000000 217.00  188.00
6.000000 217.00  189.00
6.000000 217.00  190.00
6.000000 217.00  191.00
6.000000 217.00  192.00
6.000000 217.00  193.00
6.000000 217.00  194.00
6.000000 217.00  195.00
6.000000 217.00  196.00
6.000000 217.00  197.00
6.000000 217.00  198.00
6.000000 217.00  199.00
6.000000 217.00  200.00
6.000000 217.00  201.00
6.000000 218.00  180.00
6.000000 218.00  181.00
6.000000 218.00  182.00
6.000000 218.00  183.00
6.000000 218.00  184.00
6.000000 218.00  185.00
6.000000 218.00  186.00
6.000000 218.00  187.00
6.000000 218.00  188.00
6.000000 218.00  189.00
6.000000 218.00  190.00
6.000000 218.00  191.00
6.000000 218.00  192.00
6.000000 218.00  193.00
6.000000 218.00  194.00
6.000000 218.00  195.00
6.000000 218.00  196.00
6.000000 218.00  197.00
6.000000 218.00  198.00
6.000000 218.00  199.00
6.000000 218.00  200.00
6.000000 219.00  182.00
6.000000 219.00  183.00
6.000000 219.00  184.00
6.000000 219.00  185.00
6.000000 219.00  186.00
6.000000 219.00  187.00
6.000000 219.00  188.00
6.000000 219.00  189.00
6.000000 219.00  190.00
6.000000 219.00  191.00
6.000000 219.00  192.00
6.000000 219.00  193.00
6.000000 219.00  194.00
6.000000 219.00  195.00
6.000000 219.00  196.00
6.000000 219.00  197.00
6.000000 219.00  198.00
6.000000 219.00  199.00
6.000000 219.00  200.00
6.000000 220.00  183.00
6.000000 220.00  184.00
6.000000 220.00  185.00
6.000000 220.00  186.00
6.000000 220.00  187.00
6.000000 220.00  188.00
6.000000 220.00  189.00
6.000000 220.00  190.00
6.000000 220.00  191.00
6.000000 220.00  192.00
6.000000 220.00  193.00
6.000000 220.00  194.00
6.000000 220.00  195.00
6.000000 220.00  196.00
6.000000 220.00  197.00
6.000000 220.00  198.00
6.000000 220.00  199.00
6.000000 221.00  184.00
6.000000 221.00  185.00
6.000000 221.00  186.00
6.000000 221.00  187.00
6.000000 221.00  188.00
6.000000 221.00  189.00
6.000000 221.00  190.00
6.000000 221.00  191.00
6.000000 221.00  192.00
6.000000 221.00  193.00
6.000000 221.00  194.00
6.000000 221.00  195.00
6.000000 221.00  196.00
6.000000 221.00  197.00
6.000000 221.00  198.00
6.000000 221.00  199.00
6.000000 222.00  186.00
6.000000 222.00  187.00
6.000000 222.00  188.00
6.000000 222.00  189.00
6.000000 222.00  190.00
6.000000 222.00  191.00
6.000000 222.00  192.00
6.000000 222.00  193.00
6.000000 222.00  194.00
6.000000 222.00  195.00
6.000000 222.00  196.00
6.000000 222.00  197.00
6.000000 222.00  198.00
6.000000 223.00  187.00
6.000000 223.00  188.00
6.000000 223.00  189.00
6.000000 223.00  190.00
6.000000 223.00  191.00
6.000000 223.00  192.00
6.000000 223.00  193.00
6.000000 223.00  194.00
6.000000 223.00  195.00
6.000000 223.00  196.00
6.000000 223.00  197.00
6.000000 223.00  198.00
6.000000 224.00  188.00
6.000000 224.00  189.00
6.000000 224.00  190.00
6.000000 224.00  191.00
6.000000 224.00  192.00
6.000000 224.00  193.00
6.000000 224.00  194.00
6.000000 224.00  195.00
6.000000 224.00  196.00
6.000000 224.00  197.00
6.000000 225.00  190.00
6.000000 225.00  191.00
6.000000 225.00  192.00
6.000000 225.00  193.00
6.000000 225.00  194.00
6.000000 225.00  195.00
6.000000 225.00  196.00
6.000000 225.00  197.00
6.000000 226.00  191.00
6.000000 226.00  192.00
6.000000 226.00  193.00
6.000000 226.00  194.00
6.000000 226.00  195.00
6.000000 226.00  196.00
6.000000 227.00  193.00
6.000000 227.00  194.00
6.000000 227.00  195.00
6.000000 227.00  196.00
6.000000 228.00  194.00
6.000000 228.00  195.00
6.000000 229.00  195.00
7.000000 142.00  226.00
7.000000 142.00  227.00
7.000000 142.00  228.00
7.000000 142.00  229.00
7.000000 142.00  230.00
7.000000 142.00  231.00
7.000000 142.00  232.00
7.000000 142.00  233.00
7.000000 142.00  234.00
7.000000 142.00  235.00
7.000000 143.00  227.00
7.000000 143.00  228.00
7.000000 143.00  229.00
7.000000 143.00  230.00
7.000000 143.00  231.00
7.000000 143.00  232.00
7.000000 143.00  233.00
7.000000 143.00  234.00
7.000000 143.00  235.00
7.000000 143.00  236.00
7.000000 143.00  237.00
7.000000 143.00  238.00
7.000000 143.00  239.00
7.000000 143.00  240.00
7.000000 143.00  241.00
7.000000 143.00  242.00
7.000000 143.00  243.00
7.000000 143.00  244.00
7.000000 143.00  245.00
7.000000 143.00  246.00
7.000000 143.00  247.00
7.000000 144.00  228.00
7.000000 144.00  229.00
7.000000 144.00  230.00
7.000000 144.00  231.00
7.000000 144.00  232.00
7.000000 144.00  233.00
7.000000 144.00  234.00
7.000000 144.00  235.00
7.000000 144.00  236.00
7.000000 144.00  237.00
7.000000 144.00  238.00
7.000000 144.00  239.00
7.000000 144.00  240.00
7.000000 144.00  241.00
7.000000 144.00  242.00
7.000000 144.00  243.00
7.000000 144.00  244.00
7.000000 144.00  245.00
7.000000 144.00  246.00
7.000000 144.00  247.00
7.000000 144.00  248.00
7.000000 145.00  229.00
7.000000 145.00  230.00
7.000000 145.00  231.00
7.000000 145.00  232.00
7.000000 145.00  233.00
7.000000 145.00  234.00
7.000000 145.00  235.00
7.000000 145.00  236.00
7.000000 145.00  237.00
7.000000 145.00  238.00
7.000000 145.00  239.00
7.000000 145.00  240.00
7.000000 145.00  241.00
7.000000 145.00  242.00
7.000000 145.00  243.00
7.000000 145.00  244.00
7.000000 145.00  245.00
7.000000 145.00  246.00
7.000000 146.00  229.00
7.000000 146.00  230.00
7.000000 146.00  231.00
7.000000 146.00  232.00
7.000000 146.00  233.00
7.000000 146.00  234.00
7.000000 146.00  235.00
7.000000 146.00  236.00
7.000000 146.00  237.00
7.000000 146.00  238.00
7.000000 146.00  239.00
7.000000 146.00  240.00
7.000000 146.00  241.00
7.000000 146.00  242.00
7.000000 146.00  243.00
7.000000 146.00  244.00
7.000000 146.00  245.00
7.000000 147.00  230.00
7.000000 147.00  231.00
7.000000 147.00  232.00
7.000000 147.00  233.00
7.000000 147.00  234.00
7.000000 147.00  235.00
7.000000 147.00  236.00
7.000000 147.00  237.00
7.000000 147.00  238.00
7.000000 147.00  239.00
7.000000 147.00  240.00
7.000000 147.00  241.00
7.000000 147.00  242.00
7.000000 147.00  243.00
7.000000 147.00  244.00
7.000000 148.00  231.00
7.000000 148.00  232.00
7.000000 148.00  233.00
7.000000 148.00  234.00
7.000000 148.00  235.00
7.000000 148.00  236.00
7.000000 148.00  237.00
7.000000 148.00  238.00
7.000000 148.00  239.00
7.000000 148.00  240.00
7.000000 148.00  241.00
7.000000 148.00  242.00
7.000000 148.00  243.00
7.000000 149.00  232.00
7.000000 149.00  233.00
7.000000 149.00  234.00
7.000000 149.00  235.00
7.000000 149.00  236.00
7.000000 149.00  237.00
7.000000 149.00  238.00
7.000000 149.00  239.00
7.000000 149.00  240.00
7.000000 149.00  241.00
7.000000 149.00  242.00
7.000000 150.00  233.00
7.000000 150.00  234.00
7.000000 150.00  235.00
7.000000 150.00  236.00
7.000000 150.00  237.00
7.000000 150.00  238.00
7.000000 150.00  239.00
7.000000 150.00  240.00
7.000000 150.00  241.00
7.000000 151.00  233.00
7.000000 151.00  234.00
7.000000 151.00  235.00
7.000000 151.00  236.00
7.000000 151.00  237.00
7.000000 151.00  238.00
7.000000 151.00  239.00
7.000000 151.00  240.00
7.000000 152.00  234.00
7.000000 152.00  235.00
7.000000 152.00  236.00
7.000000 152.00  237.00
7.000000 152.00  238.00
7.000000 152.00  239.00
7.000000 153.00  235.00
7.000000 153.00  236.00
7.000000 153.00  237.00
7.000000 153.00  238.00
7.000000 154.00  236.00
7.000000 154.00  237.00
7.000000 155.00  236.00
8.000000  71.00  176.00
8.000000  71.00  177.00
8.000000  71.00  178.00
8.000000  71.00  179.00
8.000000  71.00  180.00
8.000000  71.00  181.00
8.000000  71.00  182.00
8.000000  71.00  183.00
8.000000  71.00  184.00
8.000000  71.00  185.00
8.000000  71.00  186.00
8.000000  71.00  187.00
8.000000  71.00  188.00
8.000000  71.00  189.00
8.000000  71.00  190.00
8.000000  71.00  191.00
8.000000  72.00  160.00
8.000000  72.00  161.00
8.000000  72.00  162.00
8.000000  72.00  163.00
8.000000  72.00  164.00
8.000000  72.00  165.00
8.000000  72.00  166.00
8.000000  72.00  167.00
8.000000  72.00  168.00
8.000000  72.00  169.00
8.000000  72.00  170.00
8.000000  72.00  171.00
8.000000  72.00  172.00
8.000000  72.00  173.00
8.000000  72.00  174.00
8.000000  72.00  175.00
8.000000  72.00  176.00
8.000000  72.00  177.00
8.000000  72.00  178.00
8.000000  72.00  179.00
8.000000  72.00  180.00
8.000000  72.00  181.00
8.000000  72.00  182.00
8.000000  72.00  183.00
8.000000  72.00  184.00
8.000000  72.00  185.00
8.000000  72.00  186.00
8.000000  72.00  187.00
8.000000  72.00  188.00
8.000000  72.00  189.00
8.000000  72.00  190.00
8.000000  72.00  191.00
8.000000  73.00  162.00
8.000000  73.00  163.00
8.000000  73.00  164.00
8.000000  73.00  165.00
8.000000  73.00  166.00
8.000000  73.00  167.00
8.000000  73.00  168.00
8.000000  73.00  169.00
8.000000  73.00  170.00
8.000000  73.00  171.00
8.000000  73.00  172.00
8.000000  73.00  173.00
8.000000  73.00  174.00
8.000000  73.00  175.00
8.000000  73.00  176.00
8.000000  73.00  177.00
8.000000  73.00  178.00
8.000000  73.00  179.00
8.000000  73.00  180.00
8.000000  73.00  181.00
8.000000  73.00  182.00
8.000000  73.00  183.00
8.000000  73.00  184.00
8.000000  73.00  185.00
8.000000  73.00  186.00
8.000000  73.00  187.00
8.000000  73.00  188.00
8.000000  73.00  189.00
8.000000  73.00  190.00
8.000000  74.00  163.00
8.000000  74.00  164.00
8.000000  74.00  165.00
8.000000  74.00  166.00
8.000000  74.00  167.00
8.000000  74.00  168.00
8.000000  74.00  169.00
8.000000  74.00  170.00
8.000000  74.00  171.00
8.000000  74.00  172.00
8.000000  74.00  173.00
8.000000  74.00  174.00
8.000000  74.00  175.00
8.000000  74.00  176.00
8.000000  74.00  177.00
8.000000  74.00  178.00
8.000000  74.00  179.00
8.000000  74.00  180.00
8.000000  74.00  181.00
8.000000  74.00  182.00
8.000000  74.00  183.00
8.000000  74.00  184.00
8.000000  74.00  185.00
8.000000  74.00  186.00
8.000000  74.00  187.00
8.000000  74.00  188.00
8.000000  74.00  189.00
8.000000  74.00  190.00
8.000000  75.00  164.00
8.000000  75.00  165.00
8.000000  75.00  166.00
8.000000  75.00  167.00
8.000000  75.00  168.00
8.000000  75.00  169.00
8.000000  75.00  170.00
8.000000  75.00  171.00
8.000000  75.00  172.00
8.000000  75.00  173.00
8.000000  75.00  174.00
8.000000  75.00  175.00
8.000000  75.00  176.00
8.000000  75.00  177.00
8.000000  75.00  178.00
8.000000  75.00  179.00
8.000000  75.00  180.00
8.000000  75.00  181.00
8.000000  75.00  182.00
8.000000  75.00  183.00
8.000000  75.00  184.00
8.000000  75.00  185.00
8.000000  75.00  186.00
8.000000  75.00  187.00
8.000000  75.00  188.00
8.000000  75.00  189.00
8.000000  76.00  165.00
8.000000  76.00  166.00
8.000000  76.00  167.00
8.000000  76.00  168.00
8.000000  76.00  169.00
8.000000  76.00  170.00
8.000000  76.00  171.00
8.000000  76.00  172.00
8.000000  76.00  173.00
8.000000  76.00  174.00
8.000000  76.00  175.00
8.000000  76.00  176.00
8.000000  76.00  177.00
8.000000  76.00  178.00
8.000000  76.00  179.00
8.000000  76.00  180.00
8.000000  76.00  181.00
8.000000  76.00  182.00
8.000000  76.00  183.00
8.000000  76.00  184.00
8.000000  76.00  185.00
8.000000  76.00  186.00
8.000000  76.00  187.00
8.000000  76.00  188.00
8.000000  77.00  166.00
8.000000  77.00  167.00
8.000000  77.00  168.00
8.000000  77.00  169.00
8.000000  77.00  170.00
8.000000  77.00  171.00
8.000000  77.00  172.00
8.000000  77.00  173.00
8.000000  77.00  174.00
8.000000  77.00  175.00
8.000000  77.00  176.00
8.000000  77.00  177.00
8.000000  77.00  178.00
8.000000  77.00  179.00
8.000000  77.00  180.00
8.000000  77.00  181.00
8.000000  77.00  182.00
8.000000  77.00  183.00
8.000000  77.00  184.00
8.000000  77.00  185.00
8.000000  77.00  186.00
8.000000  77.00  187.00
8.000000  77.00  188.00
8.000000  78.00  167.00
8.000000  78.00  168.00
8.000000  78.00  169.00
8.000000  78.00  170.00
8.000000  78.00  171.00
8.000000  78.00  172.00
8.000000  78.00  173.00
8.000000  78.00  174.00
8.000000  78.00  175.00
8.000000  78.00  176.00
8.000000  78.00  177.00
8.000000  78.00  178.00
8.000000  78.00  179.00
8.000000  78.00  180.00
8.000000  78.00  181.00
8.000000  78.00  182.00
8.000000  78.00  183.00
8.000000  78.00  184.00
8.000000  78.00  185.00
8.000000  78.00  186.00
8.000000  78.00  187.00
8.000000  79.00  168.00
8.000000  79.00  169.00
8.000000  79.00  170.00
8.000000  79.00  171.00
8.000000  79.00  172.00
8.000000  79.00  173.00
8.000000  79.00  174.00
8.000000  79.00  175.00
8.000000  79.00  176.00
8.000000  79.00  177.00
8.000000  79.00  178.00
8.000000  79.00  179.00
8.000000  79.00  180.00
8.000000  79.00  181.00
8.000000  79.00  182.00
8.000000  79.00  183.00
8.000000  79.00  184.00
8.000000  79.00  185.00
8.000000  79.00  186.00
8.000000  80.00  169.00
8.000000  80.00  170.00
8.000000  80.00  171.00
8.000000  80.00  172.00
8.000000  80.00  173.00
8.000000  80.00  174.00
8.000000  80.00  175.00
8.000000  80.00  176.00
8.000000  80.00  177.00
8.000000  80.00  178.00
8.000000  80.00  179.00
8.000000  80.00  180.00
8.000000  80.00  181.00
8.000000  80.00  182.00
8.000000  80.00  183.00
8.000000  80.00  184.00
8.000000  80.00  185.00
8.000000  80.00  186.00
8.000000  81.00  170.00
8.000000  81.00  171.00
8.000000  81.00  172.00
8.000000  81.00  173.00
8.000000  81.00  174.00
8.000000  81.00  175.00
8.000000  81.00  176.00
8.000000  81.00  177.00
8.000000  81.00  178.00
8.000000  81.00  179.00
8.000000  81.00  180.00
8.000000  81.00  181.00
8.000000  81.00  182.00
8.000000  81.00  183.00
8.000000  81.00  184.00
8.000000  81.00  185.00
8.000000  82.00  172.00
8.000000  82.00  173.00
8.000000  82.00  174.00
8.000000  82.00  175.00
8.000000  82.00  176.00
8.000000  82.00  177.00
8.000000  82.00  178.00
8.000000  82.00  179.00
8.000000  82.00  180.00
8.000000  82.00  181.00
8.000000  82.00  182.00
8.000000  82.00  183.00
8.000000  82.00  184.00
8.000000  82.00  185.00
8.000000  83.00  173.00
8.000000  83.00  174.00
8.000000  83.00  175.00
8.000000  83.00  176.00
8.000000  83.00  177.00
8.000000  83.00  178.00
8.000000  83.00  179.00
8.000000  83.00  180.00
8.000000  83.00  181.00
8.000000  83.00  182.00
8.000000  83.00  183.00
8.000000  83.00  184.00
8.000000  84.00  174.00
8.000000  84.00  175.00
8.000000  84.00  176.00
8.000000  84.00  177.00
8.000000  84.00  178.00
8.000000  84.00  179.00
8.000000  84.00  180.00
8.000000  84.00  181.00
8.000000  84.00  182.00
8.000000  84.00  183.00
8.000000  85.00  175.00
8.000000  85.00  176.00
8.000000  85.00  177.00
8.000000  85.00  178.00
8.000000  85.00  179.00
8.000000  85.00  180.00
8.000000  85.00  181.00
8.000000  85.00  182.00
8.000000  85.00  183.00
8.000000  86.00  176.00
8.000000  86.00  177.00
8.000000  86.00  178.00
8.000000  86.00  179.00
8.000000  86.00  180.00
8.000000  86.00  181.00
8.000000  86.00  182.00
8.000000  87.00  177.00
8.000000  87.00  178.00
8.000000  87.00  179.00
8.000000  87.00  180.00
8.000000  87.00  181.00
8.000000  88.00  178.00
8.000000  88.00  179.00
8.000000  88.00  180.00
8.000000  88.00  181.00
8.000000  89.00  179.00
8.000000  89.00  180.00
8.000000  90.00  180.00
9.000000  17.00  186.00
9.000000  17.00  187.00
9.000000  17.00  188.00
9.000000  17.00  189.00
9.000000  17.00  190.00
9.000000  17.00  191.00
9.000000  17.00  192.00
9.000000  17.00  193.00
9.000000  17.00  194.00
9.000000  17.00  195.00
9.000000  17.00  196.00
9.000000  17.00  197.00
9.000000  17.00  198.00
9.000000  17.00  199.00
9.000000  17.00  200.00
9.000000  17.00  201.00
9.000000  17.00  202.00
9.000000  17.00  203.00
9.000000  18.00  187.00
9.000000  18.00  188.00
9.000000  18.00  189.00
9.000000  18.00  190.00
9.000000  18.00  191.00
9.000000  18.00  192.00
9.000000  18.00  193.00
9.000000  18.00  194.00
9.000000  18.00  195.00
9.000000  18.00  196.00
9.000000  18.00  197.00
9.000000  18.00  198.00
9.000000  18.00  199.00
9.000000  18.00  200.00
9.000000  18.00  201.00
9.000000  18.00  202.00
9.000000  18.00  203.00
9.000000  18.00  204.00
9.000000  18.00  205.00
9.000000  19.00  189.00
9.000000  19.00  190.00
9.000000  19.00  191.00
9.000000  19.00  192.00
9.000000  19.00  193.00
9.000000  19.00  194.00
9.000000  19.00  195.00
9.000000  19.00  196.00
9.000000  19.00  197.00
9.000000  19.00  198.00
9.000000  19.00  199.00
9.000000  19.00  200.00
9.000000  19.00  201.00
9.000000  19.00  202.00
9.000000  19.00  203.00
9.000000  19.00  204.00
9.000000  19.00  205.00
9.000000  19.00  206.00
9.000000  19.00  207.00
9.000000  20.00  191.00
9.000000  20.00  192.00
9.000000  20.00  193.00
9.000000  20.00  194.00
9.000000  20.00  195.00
9.000000  20.00  196.00
9.000000  20.00  197.00
9.000000  20.00  198.00
9.000000  20.00  199.00
9.000000  20.00  200.00
9.000000  20.00  201.00
9.000000  20.00  202.00
9.000000  20.00  203.00
9.000000  20.00  204.00
9.000000  20.00  205.00
9.000000  20.00  206.00
9.000000  20.00  207.00
9.000000  20.00  208.00
9.000000  21.00  192.00
9.000000  21.00  193.00
9.000000  21.00  194.00
9.000000  21.00  195.00
9.000000  21.00  196.00
9.000000  21.00  197.00
9.000000  21.00  198.00
9.000000  21.00  199.00
9.000000  21.00  200.00
9.000000  21.00  201.00
9.000000  21.00  202.00
9.000000  21.00  203.00
9.000000  21.00  204.00
9.000000  21.00  205.00
9.000000  21.00  206.00
9.000000  21.00  207.00
9.000000  21.00  208.00
9.000000  21.00  209.00
9.000000  21.00  210.00
9.000000  22.00  194.00
9.000000  22.00  195.00
9.000000  22.00  196.00
9.000000  22.00  197.00
9.000000  22.00  198.00
9.000000  22.00  199.00
9.000000  22.00  200.00
9.000000  22.00  201.00
9.000000  22.00  202.00
9.000000  22.00  203.00
9.000000  22.00  204.00
9.000000  22.00  205.00
9.000000  22.00  206.00
9.000000  22.00  207.00
9.000000  22.00  208.00
9.000000  22.00  209.00
9.000000  22.00  210.00
9.000000  22.00  211.00
9.000000  22.00  212.00
9.000000  23.00  195.00
9.000000  23.00  196.00
9.000000  23.00  197.00
9.000000  23.00  198.00
9.000000  23.00  199.00
9.000000  23.00  200.00
9.000000  23.00  201.00
9.000000  23.00  202.00
9.000000  23.00  203.00
9.000000  23.00  204.00
9.000000  23.00  205.00
9.000000  23.00  206.00
9.000000  23.00  207.00
9.000000  23.00  208.00
9.000000  23.00  209.00
9.000000  23.00  210.00
9.000000  23.00  211.00
9.000000  23.00  212.00
9.000000  23.00  213.00
9.000000  24.00  197.00
9.000000  24.00  198.00
9.000000  24.00  199.00
9.000000  24.00  200.00
9.000000  24.00  201.00
9.000000  24.00  202.00
9.000000  24.00  203.00
9.000000  24.00  204.00
9.000000  24.00  205.00
9.000000  24.00  206.00
9.000000  24.00  207.00
9.000000  24.00  208.00
9.000000  24.00  209.00
9.000000  24.00  210.00
9.000000  24.00  211.00
9.000000  24.00  212.00
9.000000  24.00  213.00
9.000000  24.00  214.00
9.000000  24.00  215.00
9.000000  25.00  198.00
9.000000  25.00  199.00
9.000000  25.00  200.00
9.000000  25.00  201.00
9.000000  25.00  202.00
9.000000  25.00  203.00
9.000000  25.00  204.00
9.000000  25.00  205.00
9.000000  25.00  206.00
9.000000  25.00  207.00
9.000000  25.00  208.00
9.000000  25.00  209.00
9.000000  25.00  210.00
9.000000  25.00  211.00
9.000000  25.00  212.00
9.000000  25.00  213.00
9.000000  25.00  214.00
9.000000  25.00  215.00
9.000000  25.00  216.00
9.000000  25.00  217.00
9.000000  26.00  200.00
9.000000  26.00  201.00
9.000000  26.00  202.00
9.000000  26.00  203.00
9.000000  26.00  204.00
9.000000  26.00  205.00
9.000000  26.00  206.00
9.000000  26.00  207.00
9.000000  26.00  208.00
9.000000  26.00  209.00
9.000000  26.00  210.00
9.000000  26.00  211.00
9.000000  26.00  212.00
9.000000  26.00  213.00
9.000000  26.00  214.00
9.000000  26.00  215.00
9.000000  26.00  216.00
9.000000  26.00  217.00
9.000000  26.00  218.00
9.000000  26.00  219.00
9.000000  27.00  201.00
9.000000  27.00  202.00
9.000000  27.00  203.00
9.000000  27.00  204.00
9.000000  27.00  205.00
9.000000  27.00  206.00
9.000000  27.00  207.00
9.000000  27.00  208.00
9.000000  27.00  209.00
9.000000  27.00  210.00
9.000000  27.00  211.00
9.000000  27.00  212.00
9.000000  27.00  213.00
9.000000  27.00  214.00
9.000000  27.00  215.00
9.000000  27.00  216.00
9.000000  27.00  217.00
9.000000  27.00  218.00
9.000000  27.00  219.00
9.000000  27.00  220.00
9.000000  28.00  203.00
9.000000  28.00  204.00
9.000000  28.00  205.00
9.000000  28.00  206.00
9.000000  28.00  207.00
9.000000  28.00  208.00
9.000000  28.00  209.00
9.000000  28.00  210.00
9.000000  28.00  211.00
9.000000  28.00  212.00
9.000000  28.00  213.00
9.000000  28.00  214.00
9.000000  28.00  215.00
9.000000  28.00  216.00
9.000000  28.00  217.00
9.000000  28.00  218.00
9.000000  28.00  219.00
9.000000  28.00  220.00
9.000000  28.00  221.00
9.000000  28.00  222.00
9.000000  29.00  205.00
9.000000  29.00  206.00
9.000000  29.00  207.00
9.000000  29.00  208.00
9.000000  29.00  209.00
9.000000  29.00  210.00
9.000000  29.00  211.00
9.000000  29.00  212.00
9.000000  29.00  213.00
9.000000  29.00  214.00
9.000000  29.00  215.00
9.000000  29.00  216.00
9.000000  29.00  217.00
9.000000  29.00  218.00
9.000000  29.00  219.00
9.000000  29.00  220.00
9.000000  29.00  221.00
9.000000  29.00  222.00
9.000000  29.00  223.00
9.000000  29.00  224.00
9.000000  30.00  206.00
9.000000  30.00  207.00
9.000000  30.00  208.00
9.000000  30.00  209.00
9.000000  30.00  210.00
9.000000  30.00  211.00
9.000000  30.00  212.00
9.000000  30.00  213.00
9.000000  30.00  214.00
9.000000  30.00  215.00
9.000000  30.00  216.00
9.000000  30.00  217.00
9.000000  30.00  218.00
9.000000  30.00  219.00
9.000000  30.00  220.00
9.000000  30.00  221.00
9.000000  30.00  222.00
9.000000  30.00  223.00
9.000000  30.00  224.00
9.000000  30.00  225.00
9.000000  30.00  226.00
9.000000  31.00  208.00
9.000000  31.00  209.00
9.000000  31.00  210.00
9.000000  31.00  211.00
9.000000  31.00  212.00
9.000000  31.00  213.00
9.000000  31.00  214.00
9.000000  31.00  215.00
9.000000  31.00  216.00
9.000000  31.00  217.00
9.000000  31.00  218.00
9.000000  31.00  219.00
9.000000  31.00  220.00
9.000000  31.00  221.00
9.000000  31.00  222.00
9.000000  31.00  223.00
9.000000  31.00  224.00
9.000000  31.00  225.00
9.000000  31.00  226.00
9.000000  31.00  227.00
9.000000  32.00  209.00
9.000000  32.00  210.00
9.000000  32.00  211.00
9.000000  32.00  212.00
9.000000  32.00  213.00
9.000000  32.00  214.00
9.000000  32.00  215.00
9.000000  32.00  216.00
9.000000  32.00  217.00
9.000000  32.00  218.00
9.000000  32.00  219.00
9.000000  32.00  220.00
9.000000  32.00  221.00
9.000000  32.00  222.00
9.000000  32.00  223.00
9.000000  32.00  224.00
9.000000  32.00  225.00
9.000000  32.00  226.00
9.000000  32.00  227.00
9.000000  32.00  228.00
9.000000  32.00  229.00
9.000000  33.00  211.00
9.000000  33.00  212.00
9.000000  33.00  213.00
9.000000  33.00  214.00
9.000000  33.00  215.00
9.000000  33.00  216.00
9.000000  33.00  217.00
9.000000  33.00  218.00
9.000000  33.00  219.00
9.000000  33.00  220.00
9.000000  33.00  221.00
9.000000  33.00  222.00
9.000000  33.00  223.00
9.000000  33.00  224.00
9.000000  33.00  225.00
9.000000  33.00  226.00
9.000000  33.00  227.00
9.000000  33.00  228.00
9.000000  33.00  229.00
9.000000  33.00  230.00
9.000000  33.00  231.00
9.000000  34.00  212.00
9.000000  34.00  213.00
9.000000  34.00  214.00
9.000000  34.00  215.00
9.000000  34.00  216.00
9.000000  34.00  217.00
9.000000  34.00  218.00
9.000000  34.00  219.00
9.000000  34.00  220.00
9.000000  34.00  221.00
9.000000  34.00  222.00
9.000000  34.00  223.00
9.000000  34.00  224.00
9.000000  34.00  225.00
9.000000  34.00  226.00
9.000000  34.00  227.00
9.000000  34.00  228.00
9.000000  34.00  229.00
9.000000  34.00  230.00
9.000000  34.00  231.00
9.000000  34.00  232.00
9.000000  35.00  214.00
9.000000  35.00  215.00
9.000000  35.00  216.00
9.000000  35.00  217.00
9.000000  35.00  218.00
9.000000  35.00  219.00
9.000000  35.00  220.00
9.000000  35.00  221.00
9.000000  35.00  222.00
9.000000  35.00  223.00
9.000000  35.00  224.00
9.000000  35.00  225.00
9.000000  35.00  226.00
9.000000  35.00  227.00
9.000000  35.00  228.00
9.000000  35.00  229.00
9.000000  35.00  230.00
9.000000  35.00  231.00
9.000000  35.00  232.00
9.000000  35.00  233.00
9.000000  35.00  234.00
9.000000  36.00  216.00
9.000000  36.00  217.00
9.000000  36.00  218.00
9.000000  36.00  219.00
9.000000  36.00  220.00
9.000000  36.00  221.00
9.000000  36.00  222.00
9.000000  36.00  223.00
9.000000  36.00  224.00
9.000000  36.00  225.00
9.000000  36.00  226.00
9.000000  36.00  227.00
9.000000  36.00  228.00
9.000000  36.00  229.00
9.000000  36.00  230.00
9.000000  36.00  231.00
9.000000  36.00  232.00
9.000000  36.00  233.00
9.000000  36.00  234.00
9.000000  36.00  235.00
9.000000  36.00  236.00
9.000000  37.00  217.00
9.000000  37.00  218.00
9.000000  37.00  219.00
9.000000  37.00  220.00
9.000000  37.00  221.00
9.000000  37.00  222.00
9.000000  37.00  223.00
9.000000  37.00  224.00
9.000000  37.00  225.00
9.000000  37.00  226.00
9.000000  37.00  227.00
9.000000  37.00  228.00
9.000000  37.00  229.00
9.000000  37.00  230.00
9.000000  37.00  231.00
9.000000  37.00  232.00
9.000000  37.00  233.00
9.000000  37.00  234.00
9.000000  37.00  235.00
9.000000  37.00  236.00
9.000000  37.00  237.00
9.000000  37.00  238.00
9.000000  38.00  219.00
9.000000  38.00  220.00
9.000000  38.00  221.00
9.000000  38.00  222.00
9.000000  38.00  223.00
9.000000  38.00  224.00
9.000000  38.00  225.00
9.000000  38.00  226.00
9.000000  38.00  227.00
9.000000  38.00  228.00
9.000000  38.00  229.00
9.000000  38.00  230.00
9.000000  38.00  231.00
9.000000  38.00  232.00
9.000000  38.00  233.00
9.000000  38.00  234.00
9.000000  38.00  235.00
9.000000  38.00  236.00
9.000000  38.00  237.00
9.000000  38.00  238.00
9.000000  38.00  239.00
9.000000  39.00  220.00
9.000000  39.00  221.00
9.000000  39.00  222.00
9.000000  39.00  223.00
9.000000  39.00  224.00
9.000000  39.00  225.00
9.000000  39.00  226.00
9.000000  39.00  227.00
9.000000  39.00  228.00
9.000000  39.00  229.00
9.000000  39.00  230.00
9.000000  39.00  231.00
9.000000  39.00  232.00
9.000000  39.00  233.00
9.000000  39.00  234.00
9.000000  39.00  235.00
9.000000  39.00  236.00
9.000000  39.00  237.00
9.000000  39.00  238.00
9.000000  39.00  239.00
9.000000  39.00  240.00
9.000000  39.00  241.00
9.000000  40.00  222.00
9.000000  40.00  223.00
9.000000  40.00  224.00
9.000000  40.00  225.00
9.000000  40.00  226.00
9.000000  40.00  227.00
9.000000  40.00  228.00
9.000000  40.00  229.00
9.000000  40.00  230.00
9.000000  40.00  231.00
9.000000  40.00  232.00
9.000000  40.00  233.00
9.000000  40.00  234.00
9.000000  40.00  235.00
9.000000  40.00  236.00
9.000000  40.00  237.00
9.000000  40.00  238.00
9.000000  40.00  239.00
9.000000  40.00  240.00
9.000000  40.00  241.00
9.000000  40.00  242.00
9.000000  40.00  243.00
9.000000  41.00  223.00
9.000000  41.00  224.00
9.000000  41.00  225.00
9.000000  41.00  226.00
9.000000  41.00  227.00
9.000000  41.00  228.00
9.000000  41.00  229.00
9.000000  41.00  230.00
9.000000  41.00  231.00
9.000000  41.00  232.00
9.000000  41.00  233.00
9.000000  41.00  234.00
9.000000  41.00  235.00
9.000000  41.00  236.00
9.000000  41.00  237.00
9.000000  41.00  238.00
9.000000  41.00  239.00
9.000000  41.00  240.00
9.000000  41.00  241.00
9.000000  41.00  242.00
9.000000  41.00  243.00
9.000000  41.00  244.00
9.000000  41.00  245.00
9.000000  42.00  225.00
9.000000  42.00  226.00
9.000000  42.00  227.00
9.000000  42.00  228.00
9.000000  42.00  229.00
9.000000  42.00  230.00
9.000000  42.00  231.00
9.000000  42.00  232.00
9.000000  42.00  233.00
9.000000  42.00  234.00
9.000000  42.00  235.00
9.000000  42.00  236.00
9.000000  42.00  237.00
9.000000  42.00  238.00
9.000000  42.00  239.00
9.000000  42.00  240.00
9.000000  42.00  241.00
9.000000  42.00  242.00
9.000000  42.00  243.00
9.000000  42.00  244.00
9.000000  42.00  245.00
9.000000  42.00  246.00
9.000000  43.00  226.00
9.000000  43.00  227.00
9.000000  43.00  228.00
9.000000  43.00  229.00
9.000000  43.00  230.00
9.000000  43.00  231.00
9.000000  43.00  232.00
9.000000  43.00  233.00
9.000000  43.00  234.00
9.000000  43.00  235.00
9.000000  43.00  236.00
9.000000  43.00  237.00
9.000000  43.00  238.00
9.000000  43.00  239.00
9.000000  43.00  240.00
9.000000  43.00  241.00
9.000000  43.00  242.00
9.000000  43.00  243.00
9.000000  43.00  244.00
9.000000  43.00  245.00
9.000000  43.00  246.00
9.000000  43.00  247.00
9.000000  44.00  228.00
9.000000  44.00  229.00
9.000000  44.00  230.00
9.000000  44.00  231.00
9.000000  44.00  232.00
9.000000  44.00  233.00
9.000000  44.00  234.00
9.000000  44.00  235.00
9.000000  44.00  236.00
9.000000  44.00  237.00
9.000000  44.00  238.00
9.000000  44.00  239.00
9.000000  44.00  240.00
9.000000  44.00  241.00
9.000000  44.00  242.00
9.000000  44.00  243.00
9.000000  44.00  244.00
9.000000  44.00  245.00
9.000000  44.00  246.00
9.000000  45.00  230.00
9.000000  45.00  231.00
9.000000  45.00  232.00
9.000000  45.00  233.00
9.000000  45.00  234.00
9.000000  45.00  235.00
9.000000  45.00  236.00
9.000000  45.00  237.00
9.000000  45.00  238.00
9.000000  45.00  239.00
9.000000  45.00  240.00
9.000000  45.00  241.00
9.000000  45.00  242.00
9.000000  45.00  243.00
9.000000  45.00  244.00
9.000000  45.00  245.00
9.000000  45.00  246.00
9.000000  46.00  231.00
9.000000  46.00  232.00
9.000000  46.00  233.00
9.000000  46.00  234.00
9.000000  46.00  235.00
9.000000  46.00  236.00
9.000000  46.00  237.00
9.000000  46.00  238.00
9.000000  46.00  239.00
9.000000  46.00  240.00
9.000000  46.00  241.00
9.000000  46.00  242.00
9.000000  46.00  243.00
9.000000  46.00  244.00
9.000000  46.00  245.00
9.000000  46.00  246.00
9.000000  47.00  233.00
9.000000  47.00  234.00
9.000000  47.00  235.00
9.000000  47.00  236.00
9.000000  47.00  237.00
9.000000  47.00  238.00
9.000000  47.00  239.00
9.000000  47.00  240.00
9.000000  47.00  241.00
9.000000  47.00  242.00
9.000000  47.00  243.00
9.000000  47.00  244.00
9.000000  47.00  245.00
9.000000  47.00  246.00
9.000000  48.00  234.00
9.000000  48.00  235.00
9.000000  48.00  236.00
9.000000  48.00  237.00
9.000000  48.00  238.00
9.000000  48.00  239.00
9.000000  48.00  240.00
9.000000  48.00  241.00
9.000000  48.00  242.00
9.000000  48.00  243.00
9.000000  48.00  244.00
9.000000  48.00  245.00
9.000000  48.00  246.00
9.000000  49.00  236.00
9.000000  49.00  237.00
9.000000  49.00  238.00
9.000000  49.00  239.00
9.000000  49.00  240.00
9.000000  49.00  241.00
9.000000  49.00  242.00
9.000000  49.00  243.00
9.000000  49.00  244.00
9.000000  49.00  245.00
9.000000  49.00  246.00
9.000000  50.00  237.00
9.000000  50.00  238.00
9.000000  50.00  239.00
9.000000  50.00  240.00
9.000000  50.00  241.00
9.000000  50.00  242.00
9.000000  50.00  243.00
9.000000  50.00  244.00
9.000000  50.00  245.00
9.000000  50.00  246.00
9.000000  51.00  237.00
9.000000  51.00  238.00
9.000000  51.00  239.00
9.000000  51.00  240.00
9.000000  51.00  241.00
9.000000  51.00  242.00
9.000000  51.00  243.00
9.000000  51.00  244.00
9.000000  51.00  245.00
9.000000  51.00  246.00
9.000000  52.00  237.00
9.000000  52.00  238.00
9.000000  52.00  239.00
9.000000  52.00  240.00
9.000000  52.00  241.00
9.000000  52.00  242.00
9.000000  52.00  243.00
9.000000  52.00  244.00
9.000000  52.00  245.00
9.000000  52.00  246.00
9.000000  53.00  236.00
9.000000  53.00  237.00
9.000000  53.00  238.00
9.000000  53.00  239.00
9.000000  53.00  240.00
9.000000  53.00  241.00
9.000000  53.00  242.00
9.000000  53.00  243.00
9.000000  53.00  244.00
9.000000  53.00  245.00
9.000000  53.00  246.00
9.000000  54.00  236.00
9.000000  54.00  237.00
9.000000  54.00  238.00
9.000000  54.00  239.00
9.000000  54.00  240.00
9.000000  54.00  241.00
9.000000  54.00  242.00
9.000000  54.00  243.00
9.000000  54.00  244.00
9.000000  54.00  245.00
9.000000  54.00  246.00
9.000000  55.00  236.00
9.000000  55.00  237.00
9.000000  55.00  238.00
9.000000  55.00  239.00
9.000000  55.00  240.00
9.000000  55.00  241.00
9.000000  55.00  242.00
9.000000  55.00  243.00
9.000000  55.00  244.00
9.000000  55.00  245.00
9.000000  55.00  246.00
9.000000  56.00  235.00
9.000000  56.00  236.00
9.000000  56.00  237.00
9.000000  56.00  238.00
9.000000  56.00  239.00
9.000000  56.00  240.00
9.000000  56.00  241.00
9.000000  56.00  242.00
9.000000  56.00  243.00
9.000000  56.00  244.00
9.000000  56.00  245.00
9.000000  56.00  246.00
9.000000  57.00  235.00
9.000000  57.00  236.00
9.000000  57.00  237.00
9.000000  57.00  238.00
9.000000  57.00  239.00
9.000000  57.00  240.00
9.000000  57.00  241.00
9.000000  57.00  242.00
9.000000  57.00  243.00
9.000000  57.00  244.00
9.000000  57.00  245.00
9.000000  57.00  246.00
9.000000  58.00  235.00
9.000000  58.00  236.00
9.000000  58.00  237.00
9.000000  58.00  238.00
9.000000  58.00  239.00
9.000000  58.00  240.00
9.000000  58.00  241.00
9.000000  58.00  242.00
9.000000  58.00  243.00
9.000000  58.00  244.00
9.000000  58.00  245.00
9.000000  59.00  234.00
9.000000  59.00  235.00
9.000000  59.00  236.00
9.000000  59.00  237.00
9.000000  59.00  238.00
9.000000  59.00  239.00
9.000000  59.00  240.00
9.000000  59.00  241.00
9.000000  59.00  242.00
9.000000  59.00  243.00
9.000000  59.00  244.00
9.000000  59.00  245.00
9.000000  60.00  234.00
9.000000  60.00  235.00
9.000000  60.00  236.00
9.000000  60.00  237.00
9.000000  60.00  238.00
9.000000  60.00  239.00
9.000000  60.00  240.00
9.000000  60.00  241.00
9.000000  60.00  242.00
9.000000  60.00  243.00
9.000000  60.00  244.00
9.000000  60.00  245.00
9.000000  61.00  234.00
9.000000  61.00  235.00
9.000000  61.00  236.00
9.000000  61.00  237.00
9.000000  61.00  238.00
9.000000  61.00  239.00
9.000000  61.00  240.00
9.000000  61.00  241.00
9.000000  61.00  242.00
9.000000  61.00  243.00
9.000000  61.00  244.00
9.000000  61.00  245.00
9.000000  62.00  233.00
9.000000  62.00  234.00
9.000000  62.00  235.00
9.000000  62.00  236.00
9.000000  62.00  237.00
9.000000  62.00  238.00
9.000000  62.00  239.00
9.000000  62.00  240.00
9.000000  62.00  241.00
9.000000  62.00  242.00
9.000000  62.00  243.00
9.000000  62.00  244.00
9.000000  62.00  245.00
9.000000  63.00  233.00
9.000000  63.00  234.00
9.000000  63.00  235.00
9.000000  63.00  236.00
9.000000  63.00  237.00
9.000000  63.00  238.00
9.000000  63.00  239.00
9.000000  63.00  240.00
9.000000  63.00  241.00
9.000000  63.00  242.00
9.000000  63.00  243.00
9.000000  63.00  244.00
9.000000  63.00  245.00
9.000000  64.00  232.00
9.000000  64.00  233.00
9.000000  64.00  234.00
9.000000  64.00  235.00
9.000000  64.00  236.00
9.000000  64.00  237.00
9.000000  64.00  238.00
9.000000  64.00  239.00
9.000000  64.00  240.00
9.000000  64.00  241.00
9.000000  64.00  242.00
9.000000  64.00  243.00
9.000000  64.00  244.00
9.000000  64.00  245.00
9.000000  65.00  232.00
9.000000  65.00  233.00
9.000000  65.00  234.00
9.000000  65.00  235.00
9.000000  65.00  236.00
9.000000  65.00  237.00
9.000000  65.00  238.00
9.000000  65.00  239.00
9.000000  65.00  240.00
9.000000  65.00  241.00
9.000000  65.00  242.00
9.000000  65.00  243.00
9.000000  65.00  244.00
9.000000  65.00  245.00
9.000000  66.00  232.00
9.000000  66.00  233.00
9.000000  66.00  234.00
9.000000  66.00  235.00
9.000000  66.00  236.00
9.000000  66.00  237.00
9.000000  66.00  238.00
9.000000  66.00  239.00
9.000000  66.00  240.00
9.000000  66.00  241.00
9.000000  66.00  242.00
9.000000  66.00  243.00
9.000000  66.00  244.00
9.000000  66.00  245.00
9.000000  67.00  231.00
9.000000  67.00  232.00
9.000000  67.00  233.00
9.000000  67.00  234.00
9.000000  67.00  235.00
9.000000  67.00  236.00
9.000000  67.00  237.00
9.000000  67.00  238.00
9.000000  67.00  239.00
9.000000  67.00  240.00
9.000000  67.00  241.00
9.000000  67.00  242.00
9.000000  67.00  243.00
9.000000  67.00  244.00
9.000000  67.00  245.00
9.000000  68.00  231.00
9.000000  68.00  232.00
9.000000  68.00  233.00
9.000000  68.00  234.00
9.000000  68.00  235.00
9.000000  68.00  236.00
9.000000  68.00  237.00
9.000000  68.00  238.00
9.000000  68.00  239.00
9.000000  68.00  240.00
9.000000  68.00  241.00
9.000000  68.00  242.00
9.000000  68.00  243.00
9.000000  68.00  244.00
9.000000  68.00  245.00
9.000000  69.00  231.00
9.000000  69.00  232.00
9.000000  69.00  233.00
9.000000  69.00  234.00
9.000000  69.00  235.00
9.000000  69.00  236.00
9.000000  69.00  237.00
9.000000  69.00  238.00
9.000000  69.00  239.00
9.000000  69.00  240.00
9.000000  69.00  241.00
9.000000  69.00  242.00
9.000000  69.00  243.00
9.000000  69.00  244.00
9.000000  69.00  245.00
9.000000  70.00  231.00
9.000000  70.00  232.00
9.000000  70.00  233.00
9.000000  70.00  234.00
9.000000  70.00  235.00
9.000000  70.00  236.00
9.000000  70.00  237.00
9.000000  70.00  238.00
9.000000  70.00  239.00
9.000000  70.00  240.00
9.000000  70.00  241.00
9.000000  70.00  242.00
9.000000  70.00  243.00
9.000000  70.00  244.00
9.000000  70.00  245.00
9.000000  71.00  231.00
9.000000  71.00  232.00
9.000000  71.00  233.00
9.000000  71.00  234.00
9.000000  71.00  235.00
9.000000  71.00  236.00
9.000000  71.00  237.00
9.000000  71.00  238.00
9.000000  71.00  239.00
9.000000  71.00  240.00
9.000000  71.00  241.00
9.000000  71.00  242.00
9.000000  71.00  243.00
9.000000  71.00  244.00
9.000000  71.00  245.00
9.000000  72.00  231.00
9.000000  72.00  232.00
9.000000  72.00  233.00
9.000000  72.00  234.00
9.000000  72.00  235.00
9.000000  72.00  236.00
9.000000  72.00  237.00
9.000000  72.00  238.00
9.000000  72.00  239.00
9.000000  72.00  240.00
9.000000  72.00  241.00
9.000000  72.00  242.00
9.000000  72.00  243.00
9.000000  72.00  244.00
9.000000  73.00  231.00
9.000000  73.00  232.00
9.000000  73.00  233.00
9.000000  73.00  234.00
9.000000  73.00  235.00
9.000000  73.00  236.00
9.000000  73.00  237.00
9.000000  73.00  238.00
9.000000  73.00  239.00
9.000000  73.00  240.00
9.000000  73.00  241.00
9.000000  73.00  242.00
9.000000  73.00  243.00
9.000000  73.00  244.00
9.000000  74.00  232.00
9.000000  74.00  233.00
9.000000  74.00  234.00
9.000000  74.00  235.00
9.000000  74.00  236.00
9.000000  74.00  237.00
9.000000  74.00  238.00
9.000000  74.00  239.00
9.000000  74.00  240.00
9.000000  74.00  241.00
9.000000  74.00  242.00
9.000000  74.00  243.00
9.000000  74.00  244.00
9.000000  75.00  232.00
9.000000  75.00  233.00
9.000000  75.00  234.00
9.000000  75.00  235.00
9.000000  75.00  236.00
9.000000  75.00  237.00
9.000000  75.00  238.00
9.000000  75.00  239.00
9.000000  75.00  240.00
9.000000  75.00  241.00
9.000000  75.00  242.00
9.000000  75.00  243.00
9.000000  75.00  244.00
9.000000  76.00  232.00
9.000000  76.00  233.00
9.000000  76.00  234.00
9.000000  76.00  235.00
9.000000  76.00  236.00
9.000000  76.00  237.00
9.000000  76.00  238.00
9.000000  76.00  239.00
9.000000  76.00  240.00
9.000000  76.00  241.00
9.000000  76.00  242.00
9.000000  76.00  243.00
9.000000  76.00  244.00
9.000000  77.00  232.00
9.000000  77.00  233.00
9.000000  77.00  234.00
9.000000  77.00  235.00
9.000000  77.00  236.00
9.000000  77.00  237.00
9.000000  77.00  238.00
9.000000  77.00  239.00
9.000000  77.00  240.00
9.000000  77.00  241.00
9.000000  77.00  242.00
9.000000  77.00  243.00
9.000000  77.00  244.00
9.000000  78.00  232.00
9.000000  78.00  233.00
9.000000  78.00  234.00
9.000000  78.00  235.00
9.000000  78.00  236.00
9.000000  78.00  237.00
9.000000  78.00  238.00
9.000000  78.00  239.00
9.000000  78.00  240.00
9.000000  78.00  241.00
9.000000  78.00  242.00
9.000000  78.00  243.00
9.000000  78.00  244.00
9.000000  79.00  232.00
9.000000  79.00  233.00
9.000000  79.00  234.00
9.000000  79.00  235.00
9.000000  79.00  236.00
9.000000  79.00  237.00
9.000000  79.00  238.00
9.000000  79.00  239.00
9.000000  79.00  240.00
9.000000  79.00  241.00
9.000000  79.00  242.00
9.000000  79.00  243.00
9.000000  79.00  244.00
9.000000  80.00  233.00
9.000000  80.00  234.00
9.000000  80.00  235.00
9.000000  80.00  236.00
9.000000  80.00  237.00
9.000000  80.00  238.00
9.000000  80.00  239.00
9.000000  80.00  240.00
9.000000  80.00  241.00
9.000000  80.00  242.00
9.000000  80.00  243.00
9.000000  80.00  244.00
9.000000  81.00  233.00
9.000000  81.00  234.00
9.000000  81.00  235.00
9.000000  81.00  236.00
9.000000  81.00  237.00
9.000000  81.00  238.00
9.000000  81.00  239.00
9.000000  81.00  240.00
9.000000  81.00  241.00
9.000000  81.00  242.00
9.000000  81.00  243.00
9.000000  81.00  244.00
9.000000  82.00  233.00
9.000000  82.00  234.00
9.000000  82.00  235.00
9.000000  82.00  236.00
9.000000  82.00  237.00
9.000000  82.00  238.00
9.000000  82.00  239.00
9.000000  82.00  240.00
9.000000  82.00  241.00
9.000000  82.00  242.00
9.000000  82.00  243.00
9.000000  82.00  244.00
9.000000  83.00  233.00
9.000000  83.00  234.00
9.000000  83.00  235.00
9.000000  83.00  236.00
9.000000  83.00  237.00
9.000000  83.00  238.00
9.000000  83.00  239.00
9.000000  83.00  240.00
9.000000  83.00  241.00
9.000000  83.00  242.00
9.000000  83.00  243.00
9.000000  83.00  244.00
9.000000  84.00  233.00
9.000000  84.00  234.00
9.000000  84.00  235.00
9.000000  84.00  236.00
9.000000  84.00  237.00
9.000000  84.00  238.00
9.000000  84.00  239.00
9.000000  84.00  240.00
9.000000  84.00  241.00
9.000000  84.00  242.00
9.000000  84.00  243.00
9.000000  84.00  244.00
9.000000  85.00  234.00
9.000000  85.00  235.00
9.000000  85.00  236.00
9.000000  85.00  237.00
9.000000  85.00  238.00
9.000000  85.00  239.00
9.000000  85.00  240.00
9.000000  85.00  241.00
9.000000  85.00  242.00
9.000000  85.00  243.00
9.000000  85.00  244.00
9.000000  86.00  233.00
9.000000  86.00  234.00
9.000000  86.00  235.00
9.000000  86.00  236.00
9.000000  86.00  237.00
9.000000  86.00  238.00
9.000000  86.00  239.00
9.000000  86.00  240.00
9.000000  86.00  241.00
9.000000  86.00  242.00
9.000000  86.00  243.00
9.000000  87.00  232.00
9.000000  87.00  233.00
9.000000  87.00  234.00
9.000000  87.00  235.00
9.000000  87.00  236.00
9.000000  87.00  237.00
9.000000  87.00  238.00
9.000000  87.00  239.00
9.000000  87.00  240.00
9.000000  87.00  241.00
9.000000  87.00  242.00
9.000000  87.00  243.00
9.000000  88.00  232.00
9.000000  88.00  233.00
9.000000  88.00  234.00
9.000000  88.00  235.00
9.000000  88.00  236.00
9.000000  88.00  237.00
9.000000  88.00  238.00
9.000000  88.00  239.00
9.000000  88.00  240.00
9.000000  88.00  241.00
9.000000  88.00  242.00
9.000000  88.00  243.00
9.000000  89.00  231.00
9.000000  89.00  232.00
9.000000  89.00  233.00
9.000000  89.00  234.00
9.000000  89.00  235.00
9.000000  89.00  236.00
9.000000  89.00  237.00
9.000000  89.00  238.00
9.000000  89.00  239.00
9.000000  89.00  240.00
9.000000  89.00  241.00
9.000000  89.00  242.00
9.000000  89.00  243.00
9.000000  90.00  230.00
9.000000  90.00  231.00
9.000000  90.00  232.00
9.000000  90.00  233.00
9.000000  90.00  234.00
9.000000  90.00  235.00
9.000000  90.00  236.00
9.000000  90.00  237.00
9.000000  90.00  238.00
9.000000  90.00  239.00
9.000000  90.00  240.00
9.000000  90.00  241.00
9.000000  90.00  242.00
9.000000  90.00  243.00
9.000000  91.00  230.00
9.000000  91.00  231.00
9.000000  91.00  232.00
9.000000  91.00  233.00
9.000000  91.00  234.00
9.000000  91.00  235.00
9.000000  91.00  236.00
9.000000  91.00  237.00
9.000000  91.00  238.00
9.000000  91.00  239.00
9.000000  91.00  240.00
9.000000  91.00  241.00
9.000000  91.00  242.00
9.000000  91.00  243.00
9.000000  92.00  229.00
9.000000  92.00  230.00
9.000000  92.00  231.00
9.000000  92.00  232.00
9.000000  92.00  233.00
9.000000  92.00  234.00
9.000000  92.00  235.00
9.000000  92.00  236.00
9.000000  92.00  237.00
9.000000  92.00  238.00
9.000000  92.00  239.00
9.000000  92.00  240.00
9.000000  92.00  241.00
9.000000  92.00  242.00
9.000000  92.00  243.00
9.000000  93.00  228.00
9.000000  93.00  229.00
9.000000  93.00  230.00
9.000000  93.00  231.00
9.000000  93.00  232.00
9.000000  93.00  233.00
9.000000  93.00  234.00
9.000000  93.00  235.00
9.000000  93.00  236.00
9.000000  93.00  237.00
9.000000  93.00  238.00
9.000000  93.00  239.00
9.000000  93.00  240.00
9.000000  93.00  241.00
9.000000  93.00  242.00
9.000000  93.00  243.00
9.000000  94.00  228.00
9.000000  94.00  229.00
9.000000  94.00  230.00
9.000000  94.00  231.00
9.000000  94.00  232.00
9.000000  94.00  233.00
9.000000  94.00  234.00
9.000000  94.00  235.00
9.000000  94.00  236.00
9.000000  94.00  237.00
9.000000  94.00  238.00
9.000000  94.00  239.00
9.000000  94.00  240.00
9.000000  94.00  241.00
9.000000  94.00  242.00
9.000000  94.00  243.00
9.000000  95.00  227.00
9.000000  95.00  228.00
9.000000  95.00  229.00
9.000000  95.00  230.00
9.000000  95.00  231.00
9.000000  95.00  232.00
9.000000  95.00  233.00
9.000000  95.00  234.00
9.000000  95.00  235.00
9.000000  95.00  236.00
9.000000  95.00  237.00
9.000000  95.00  238.00
9.000000  95.00  239.00
9.000000  95.00  240.00
9.000000  95.00  241.00
9.000000  95.00  242.00
9.000000  95.00  243.00
9.000000  96.00  226.00
9.000000  96.00  227.00
9.000000  96.00  228.00
9.000000  96.00  229.00
9.000000  96.00  230.00
9.000000  96.00  231.00
9.000000  96.00  232.00
9.000000  96.00  233.00
9.000000  96.00  234.00
9.000000  96.00  235.00
9.000000  96.00  236.00
9.000000  96.00  237.00
9.000000  96.00  238.00
9.000000  96.00  239.00
9.000000  96.00  240.00
9.000000  96.00  241.00
9.000000  96.00  242.00
9.000000  96.00  243.00
9.000000  97.00  226.00
9.000000  97.00  227.00
9.000000  97.00  228.00
9.000000  97.00  229.00
9.000000  97.00  230.00
9.000000  97.00  231.00
9.000000  97.00  232.00
9.000000  97.00  233.00
9.000000  97.00  234.00
9.000000  97.00  235.00
9.000000  97.00  236.00
9.000000  97.00  237.00
9.000000  97.00  238.00
9.000000  97.00  239.00
9.000000  97.00  240.00
9.000000  97.00  241.00
9.000000  97.00  242.00
9.000000  97.00  243.00
9.000000  98.00  225.00
9.000000  98.00  226.00
9.000000  98.00  227.00
9.000000  98.00  228.00
9.000000  98.00  229.00
9.000000  98.00  230.00
9.000000  98.00  231.00
9.000000  98.00  232.00
9.000000  98.00  233.00
9.000000  98.00  234.00
9.000000  98.00  235.00
9.000000  98.00  236.00
9.000000  98.00  237.00
9.000000  98.00  238.00
9.000000  98.00  239.00
9.000000  98.00  240.00
9.000000  98.00  241.00
9.000000  98.00  242.00
9.000000  98.00  243.00
9.000000  99.00  225.00
9.000000  99.00  226.00
9.000000  99.00  227.00
9.000000  99.00  228.00
9.000000  99.00  229.00
9.000000  99.00  230.00
9.000000  99.00  231.00
9.000000  99.00  232.00
9.000000  99.00  233.00
9.000000  99.00  234.00
9.000000  99.00  235.00
9.000000  99.00  236.00
9.000000  99.00  237.00
9.000000  99.00  238.00
9.000000  99.00  239.00
9.000000  99.00  240.00
9.000000  99.00  241.00
9.000000  99.00  242.00
9.000000  99.00  243.00
9.000000 100.00  224.00
9.000000 100.00  225.00
9.000000 100.00  226.00
9.000000 100.00  227.00
9.000000 100.00  228.00
9.000000 100.00  229.00
9.000000 100.00  230.00
9.000000 100.00  231.00
9.000000 100.00  232.00
9.000000 100.00  233.00
9.000000 100.00  234.00
9.000000 100.00  235.00
9.000000 100.00  236.00
9.000000 100.00  237.00
9.000000 100.00  238.00
9.000000 100.00  239.00
9.000000 100.00  240.00
9.000000 100.00  241.00
9.000000 100.00  242.00
9.000000 101.00  223.00
9.000000 101.00  224.00
9.000000 101.00  225.00
9.000000 101.00  226.00
9.000000 101.00  227.00
9.000000 101.00  228.00
9.000000 101.00  229.00
9.000000 101.00  230.00
9.000000 101.00  231.00
9.000000 101.00  232.00
9.000000 101.00  233.00
9.000000 101.00  234.00
9.000000 101.00  235.00
9.000000 101.00  236.00
9.000000 101.00  237.00
9.000000 101.00  238.00
9.000000 101.00  239.00
9.000000 101.00  240.00
9.000000 101.00  241.00
9.000000 101.00  242.00
9.000000 102.00  223.00
9.000000 102.00  224.00
9.000000 102.00  225.00
9.000000 102.00  226.00
9.000000 102.00  227.00
9.000000 102.00  228.00
9.000000 102.00  229.00
9.000000 102.00  230.00
9.000000 102.00  231.00
9.000000 102.00  232.00
9.000000 102.00  233.00
9.000000 102.00  234.00
9.000000 102.00  235.00
9.000000 102.00  236.00
9.000000 102.00  237.00
9.000000 102.00  238.00
9.000000 102.00  239.00
9.000000 102.00  240.00
9.000000 102.00  241.00
9.000000 102.00  242.00
9.000000 103.00  222.00
9.000000 103.00  223.00
9.000000 103.00  224.00
9.000000 103.00  225.00
9.000000 103.00  226.00
9.000000 103.00  227.00
9.000000 103.00  228.00
9.000000 103.00  229.00
9.000000 103.00  230.00
9.000000 103.00  231.00
9.000000 103.00  232.00
9.000000 103.00  233.00
9.000000 103.00  234.00
9.000000 103.00  235.00
9.000000 103.00  236.00
9.000000 103.00  237.00
9.000000 103.00  238.00
9.000000 103.00  239.00
9.000000 103.00  240.00
9.000000 103.00  241.00
9.000000 103.00  242.00
9.000000 104.00  221.00
9.000000 104.00  222.00
9.000000 104.00  223.00
9.000000 104.00  224.00
9.000000 104.00  225.00
9.000000 104.00  226.00
9.000000 104.00  227.00
9.000000 104.00  228.00
9.000000 104.00  229.00
9.000000 104.00  230.00
9.000000 104.00  231.00
9.000000 104.00  232.00
9.000000 104.00  233.00
9.000000 104.00  234.00
9.000000 104.00  235.00
9.000000 104.00  236.00
9.000000 104.00  237.00
9.000000 104.00  238.00
9.000000 104.00  239.00
9.000000 104.00  240.00
9.000000 104.00  241.00
9.000000 104.00  242.00
9.000000 105.00  221.00
9.000000 105.00  222.00
9.000000 105.00  223.00
9.000000 105.00  224.00
9.000000 105.00  225.00
9.000000 105.00  226.00
9.000000 105.00  227.00
9.000000 105.00  228.00
9.000000 105.00  229.00
9.000000 105.00  230.00
9.000000 105.00  231.00
9.000000 105.00  232.00
9.000000 105.00  233.00
9.000000 105.00  234.00
9.000000 105.00  235.00
9.000000 105.00  236.00
9.000000 105.00  237.00
9.000000 105.00  238.00
9.000000 105.00  239.00
9.000000 105.00  240.00
9.000000 105.00  241.00
9.000000 105.00  242.00
9.000000 106.00  220.00
9.000000 106.00  221.00
9.000000 106.00  222.00
9.000000 106.00  223.00
9.000000 106.00  224.00
9.000000 106.00  225.00
9.000000 106.00  226.00
9.000000 106.00  227.00
9.000000 106.00  228.00
9.000000 106.00  229.00
9.000000 106.00  230.00
9.000000 106.00  231.00
9.000000 106.00  232.00
9.000000 106.00  233.00
9.000000 106.00  234.00
9.000000 106.00  235.00
9.000000 106.00  236.00
9.000000 106.00  237.00
9.000000 106.00  238.00
9.000000 106.00  239.00
9.000000 106.00  240.00
9.000000 106.00  241.00
9.000000 106.00  242.00
9.000000 107.00  219.00
9.000000 107.00  220.00
9.000000 107.00  221.00
9.000000 107.00  222.00
9.000000 107.00  223.00
9.000000 107.00  224.00
9.000000 107.00  225.00
9.000000 107.00  226.00
9.000000 107.00  227.00
9.000000 107.00  228.00
9.000000 107.00  229.00
9.000000 107.00  230.00
9.000000 107.00  231.00
9.000000 107.00  232.00
9.000000 107.00  233.00
9.000000 107.00  234.00
9.000000 107.00  235.00
9.000000 107.00  236.00
9.000000 107.00  237.00
9.000000 107.00  238.00
9.000000 107.00  239.00
9.000000 107.00  240.00
9.000000 107.00  241.00
9.000000 107.00  242.00
9.000000 108.00  219.00
9.000000 108.00  220.00
9.000000 108.00  221.00
9.000000 108.00  222.00
9.000000 108.00  223.00
9.000000 108.00  224.00
9.000000 108.00  225.00
9.000000 108.00  226.00
9.000000 108.00  227.00
9.000000 108.00  228.00
9.000000 108.00  229.00
9.000000 108.00  230.00
9.000000 108.00  231.00
9.000000 108.00  232.00
9.000000 108.00  233.00
9.000000 108.00  234.00
9.000000 108.00  235.00
9.000000 108.00  236.00
9.000000 108.00  237.00
9.000000 108.00  238.00
9.000000 108.00  239.00
9.000000 108.00  240.00
9.000000 108.00  241.00
9.000000 108.00  242.00
9.000000 109.00  218.00
9.000000 109.00  219.00
9.000000 109.00  220.00
9.000000 109.00  221.00
9.000000 109.00  222.00
9.000000 109.00  223.00
9.000000 109.00  224.00
9.000000 109.00  225.00
9.000000 109.00  226.00
9.000000 109.00  227.00
9.000000 109.00  228.00
9.000000 109.00  229.00
9.000000 109.00  230.00
9.000000 109.00  231.00
9.000000 109.00  232.00
9.000000 109.00  233.00
9.000000 109.00  234.00
9.000000 109.00  235.00
9.000000 109.00  236.00
9.000000 109.00  237.00
9.000000 109.00  238.00
9.000000 109.00  239.00
9.000000 109.00  240.00
9.000000 109.00  241.00
9.000000 109.00  242.00
9.000000 110.00  217.00
9.000000 110.00  218.00
9.000000 110.00  219.00
9.000000 110.00  220.00
9.000000 110.00  221.00
9.000000 110.00  222.00
9.000000 110.00  223.00
9.000000 110.00  224.00
9.000000 110.00  225.00
9.000000 110.00  226.00
9.000000 110.00  227.00
9.000000 110.00  228.00
9.000000 110.00  229.00
9.000000 110.00  230.00
9.000000 110.00  231.00
9.000000 110.00  232.00
9.000000 110.00  233.00
9.000000 110.00  234.00
9.000000 110.00  235.00
9.000000 110.00  236.00
9.000000 110.00  237.00
9.000000 110.00  238.00
9.000000 110.00  239.00
9.000000 110.00  240.00
9.000000 110.00  241.00
9.000000 110.00  242.00
9.000000 111.00  217.00
9.000000 111.00  218.00
9.000000 111.00  219.00
9.000000 111.00  220.00
9.000000 111.00  221.00
9.000000 111.00  222.00
9.000000 111.00  223.00
9.000000 111.00  224.00
9.000000 111.00  225.00
9.000000 111.00  226.00
9.000000 111.00  227.00
9.000000 111.00  228.00
9.000000 111.00  229.00
9.000000 111.00  230.00
9.000000 111.00  231.00
9.000000 111.00  232.00
9.000000 111.00  233.00
9.000000 111.00  234.00
9.000000 111.00  235.00
9.000000 111.00  236.00
9.000000 111.00  237.00
9.000000 111.00  238.00
9.000000 111.00  239.00
9.000000 111.00  240.00
9.000000 111.00  241.00
9.000000 111.00  242.00
9.000000 112.00  216.00
9.000000 112.00  217.00
9.000000 112.00  218.00
9.000000 112.00  219.00
9.000000 112.00  220.00
9.000000 112.00  221.00
9.000000 112.00  222.00
9.000000 112.00  223.00
9.000000 112.00  224.00
9.000000 112.00  225.00
9.000000 112.00  226.00
9.000000 112.00  227.00
9.000000 112.00  228.00
9.000000 112.00  229.00
9.000000 112.00  230.00
9.000000 112.00  231.00
9.000000 112.00  232.00
9.000000 112.00  233.00
9.000000 112.00  234.00
9.000000 112.00  235.00
9.000000 112.00  236.00
9.000000 112.00  237.00
9.000000 112.00  238.00
9.000000 112.00  239.00
9.000000 112.00  240.00
9.000000 112.00  241.00
9.000000 112.00  242.00
9.000000 113.00  215.00
9.000000 113.00  216.00
9.000000 113.00  217.00
9.000000 113.00  218.00
9.000000 113.00  219.00
9.000000 113.00  220.00
9.000000 113.00  221.00
9.000000 113.00  222.00
9.000000 113.00  223.00
9.000000 113.00  224.00
9.000000 113.00  225.00
9.000000 113.00  226.00
9.000000 113.00  227.00
9.000000 113.00  228.00
9.000000 113.00  229.00
9.000000 113.00  230.00
9.000000 113.00  231.00
9.000000 113.00  232.00
9.000000 113.00  233.00
9.000000 113.00  234.00
9.000000 113.00  235.00
9.000000 113.00  236.00
9.000000 113.00  237.00
9.000000 113.00  238.00
9.000000 113.00  239.00
9.000000 114.00  215.00
9.000000 114.00  216.00
9.000000 114.00  217.00
9.000000 114.00  218.00
9.000000 114.00  219.00
9.000000 114.00  220.00
9.000000 114.00  221.00
9.000000 114.00  222.00
9.000000 114.00  223.00
9.000000 114.00  224.00
9.000000 114.00  225.00
9.000000 114.00  226.00
9.000000 114.00  227.00
9.000000 114.00  228.00
9.000000 114.00  229.00
9.000000 114.00  230.00
9.000000 114.00  231.00
9.000000 114.00  232.00
9.000000 114.00  233.00
9.000000 114.00  234.00
9.000000 114.00  235.00
9.000000 115.00  214.00
9.000000 115.00  215.00
9.000000 115.00  216.00
9.000000 115.00  217.00
9.000000 115.00  218.00
9.000000 115.00  219.00
9.000000 115.00  220.00
9.000000 115.00  221.00
9.000000 115.00  222.00
9.000000 115.00  223.00
9.000000 115.00  224.00
9.000000 115.00  225.00
9.000000 115.00  226.00
9.000000 115.00  227.00
9.000000 115.00  228.00
9.000000 115.00  229.00
9.000000 115.00  230.00
9.000000 115.00  231.00
9.000000 115.00  232.00
9.000000 116.00  213.00
9.000000 116.00  214.00
9.000000 116.00  215.00
9.000000 116.00  216.00
9.000000 116.00  217.00
9.000000 116.00  218.00
9.000000 116.00  219.00
9.000000 116.00  220.00
9.000000 116.00  221.00
9.000000 116.00  222.00
9.000000 116.00  223.00
9.000000 116.00  224.00
9.000000 116.00  225.00
9.000000 116.00  226.00
9.000000 116.00  227.00
9.000000 116.00  228.00
9.000000 116.00  229.00
9.000000 117.00  213.00
9.000000 117.00  214.00
9.000000 117.00  215.00
9.000000 117.00  216.00
9.000000 117.00  217.00
9.000000 117.00  218.00
9.000000 117.00  219.00
9.000000 117.00  220.00
9.000000 117.00  221.00
9.000000 117.00  222.00
9.000000 117.00  223.00
9.000000 117.00  224.00
9.000000 117.00  225.00
9.000000 118.00  212.00
9.000000 118.00  213.00
9.000000 118.00  214.00
9.000000 118.00  215.00
9.000000 118.00  216.00
9.000000 118.00  217.00
9.000000 118.00  218.00
9.000000 118.00  219.00
9.000000 118.00  220.00
9.000000 118.00  221.00
9.000000 118.00  222.00
9.000000 119.00  212.00
9.000000 119.00  213.00
9.000000 119.00  214.00
9.000000 119.00  215.00
9.000000 119.00  216.00
9.000000 119.00  217.00
9.000000 119.00  218.00
9.000000 119.00  219.00
9.000000 120.00  211.00
9.000000 120.00  212.00
9.000000 120.00  213.00
9.000000 120.00  214.00
9.000000 120.00  215.00
9.000000 121.00  210.00
9.000000 121.00  211.00
9.000000 121.00  212.00
